ID	CT1-1	CT1-2	CT1-3	CT2-1	CT2-2	CT2-3	CT3-1	CT3-2	CT3-3	CT4-1	CT4-2	CT4-3
EdulChr30G00120850	0	0	0	0	0	0	0	0	0	0	0	0
EdulChr82G00270410	0.17	0.12	0.12	0	0	0	0	0	0	0	0	0
EdulChr53G00191870	5.43	5.78	5.71	3.8	4.18	4.19	9.5	8.96	9.77	6.03	5.68	5.72
EdulChr65G00223530	0.12	0	0.34	0	0	0	0.15	0	0	0	0.13	0
EdulChr60G00209500	0	0	0	0	0	0	0	0	0	0	0	0
novel2515	5.57	1.63	0	1.24	0.85	0	5.78	2.32	1.68	1.34	1.72	0
EdulChr90G00289660	1.29	1.36	1.45	0.38	0.28	0.22	0.96	0.96	0.91	0.75	0.43	0.24
novel1527	9.37	11.52	8.55	7.35	7.97	7.23	9.52	9.14	7.68	4.94	3.78	3.73
EdulChr44G00165150	20.84	19.71	17.33	3.84	3	4.26	29.07	28.16	28.19	11.96	15.09	13.04
EdulChr83G00273570	0	0	0	0	0	0	0	0	0	0	0	0
EdulChr9G00041720	14.46	13.02	12.5	12.03	8.54	9.45	7.24	6.43	6.54	4.11	4.02	4.7
EdulChr74G00248020	0.69	0.65	0.82	0.12	0.13	0.06	0.3	0.26	0.31	0.51	0.18	0.54
EdulChr54G00195890	0.04	0.07	0.04	0	0	0	0	0	0	0	0	0
EdulChr61G00211940	0	0	0	0	0	0	0	0	0	0	0	0
novel2038	0.04	0.07	0.12	0	0	0	0	0	0	0	0	0
novel399	1.48	1.55	1.37	0.59	0.89	0.47	1.06	0.95	0.97	0.46	0.15	0.13
EdulChr94G00298890	0	0	0	0	0	0	0	0	0	0	0	0
EdulChr64G00219720	0	0	0	0	0	0	0	0	0	0	0	0
EdulChr40G00153840	25.42	28.32	25.55	20.31	19.5	21.63	27.65	29.3	27.42	20.45	21.84	18.89
EdulChr31G00124800	4.91	4.82	4.69	5.45	4.53	5.48	2.42	3.4	2.59	2.25	2.64	3.13
EdulChr87G00282790	8.26	7.01	7.46	0.14	0.05	0.05	0	0	0	0	0	0
EdulChr105G00322380	13.04	14.27	13.23	29.15	26.78	27.81	25.71	24.17	26.55	17.6	19.44	18.43
EdulChr16G00070260	26.1	24.92	22.91	9.13	9.97	10.21	18.58	19.57	17.04	7.51	7.98	8.3
EdulChr86G00280720	0.13	0.13	0.08	0	0	0	0	0	0	0	0	0
EdulChr43G00162450	8.77	8.85	8.29	23.1	23.81	25.3	17.57	18.04	18.02	13.45	13.76	14.61
EdulChr71G00240090	408.48	418.07	378.49	492.19	517.44	507.29	422.38	430.49	432.93	225.17	227.48	234.12
EdulChr3G00015220	158.35	153.53	137.87	246.79	228.7	195.95	220.54	207.59	230.62	162.39	143.13	158.6
EdulChr106G00324360	6.42	5.96	6.24	9.63	7.97	9.19	5.52	4.87	5.25	6.49	6.6	5.93
EdulChr31G00124340	3.57	3.88	3.89	1.89	2.47	1.98	3.46	4.31	4.63	3.46	2.99	3.15
EdulChr70G00238770	2.21	1.34	0.86	46.21	38.79	46.03	140.03	164.85	132.57	26.6	42.7	24.04
EdulChr25G00101530	0.48	0.97	1.86	0	0	0	0	0	0	0	0	0
EdulChr12G00052740	16.87	18.72	15.58	11.61	12.85	11.38	7.87	8.06	8.13	13.06	12.38	15.12
EdulChr107G00327220	29.96	30.5	28.14	6.6	6.55	6.21	1.96	2.29	2.21	2.14	1.77	1.68
EdulChr60G00209460	0	0	0	0	0	0	0	0.13	0	0	0	0
EdulChr15G00067120	9.47	8.66	7.48	9.7	9.39	8.59	8.5	9.48	9.11	6.09	5.51	6.79
EdulChr5G00022020	0	0	0	0	0	0	0	0	0	0	0	0
novel1205	159.72	162.25	149.18	0.81	0.87	1.12	0.09	0.09	0	0	0	0
EdulChr50G00183560	2.98	2.92	2.73	0	0	0	0	0	0	0	0	0
EdulChr3G00014350	17.65	17.2	16.56	9.38	7.59	9.51	5.01	4.75	5.8	8.27	9.34	8.87
EdulChr89G00287950	9.21	7.36	6.86	6.75	4.79	2.97	3.69	5.5	5.26	4.53	3.65	2.94
EdulChr77G00255500	0.21	0.15	0.19	0.26	0.2	0.29	0.05	0	0.04	0.07	0	0.03
EdulChr103G00318510	51.67	53.23	51.45	78.09	77.24	81	71.53	69.62	70.62	45.53	47.97	45.91
EdulChr5G00022360	3.88	3.99	3.1	0.56	0.48	0.37	0.66	0.77	0.65	0.99	1	0.89
EdulChr24G00098350	0	0	0	0	0	0	0	0	0	0	0	0
EdulChr38G00148430	12.88	13.53	12.16	77.94	76.84	78.93	74.25	73.63	69.92	43.53	39.79	43.35
EdulChr18G00074910	0	0	0	0	0	0	0	0	0	0	0	0
EdulChr59G00207080	15.06	16.71	14.13	8.48	8.12	8.2	22.81	23.94	22.91	12.22	13.5	14.57
EdulChr3G00012430	12.04	14.21	12.5	8	8.02	8.68	9.58	10.87	10.91	6.2	6.01	7.94
EdulChr21G00084810	32.19	29.94	29.66	21.1	18.3	18.23	28.8	29.88	29.62	14.27	13.91	15.88
EdulChr70G00237870	9.8	10.45	9.27	19.44	20.33	20.36	17.16	17.73	17.69	18.35	18.22	18.89
EdulChr28G00111960	32.43	30.89	25.57	177.68	180.62	152.89	1047.06	1045.81	1085.74	102.01	89.57	98.29
EdulChr57G00201190	0.6	0	0	0	0	0	0	0	0	0	0	0
EdulChr31G00122960	0.05	0	0.05	0	0	0	0	0.08	0	0	0	0.07
EdulChr1G00001800	12.59	13.89	11.41	2.35	2.24	2.4	4.11	4.5	3.54	3.89	4.82	4.63
EdulChr98G00308940	31.84	30.77	28.77	6.41	6.08	6.64	10.86	10.88	10.13	5.17	7.03	7.04
EdulChr80G00263640	63.9	67.05	60.79	32.17	32.5	34.67	25.46	24.19	25.09	18.99	19.34	18.3
EdulChr56G00198430	0	0	0	0	0	0	0	0	0	0	0	0
EdulChr97G00306650	1.08	1.02	0.9	0.55	0.38	0.33	0.29	0.25	0.22	0.58	0.4	0.68
EdulChr35G00136150	6.54	7.84	6.18	15.35	15.85	15.96	16.45	16.3	17.17	13.54	13.21	13.55
EdulChr22G00090590	0	0	0	0	0	0	0	0	0	0	0	0
novel666	19.78	18.83	17.36	0.18	0.27	0.14	0.3	0.19	0.31	0.14	0.22	0.09
EdulChr84G00275080	5.17	4.91	4.39	1.3	1.22	1.34	2.51	2.27	2	2.26	2.23	1.99
EdulChr67G00230230	0.28	0.26	0.23	0.63	0.33	0.52	0.77	0.73	0.78	0.57	0.65	0.41
EdulChr2G00009620	11	2.29	4.33	0	0	5.39	3.35	0	3.48	3.14	3.52	0.73
EdulChr23G00093320	0	0	0	0	0	0	0	0	0	0	0	0
EdulChr10G00043260	3.26	3	1.71	0.42	0.27	0.34	0.41	0.3	0	0.45	0.52	0.09
EdulChr90G00290720	0.35	0.73	0.59	0.29	0.31	0.22	0.52	0.52	0.37	0.12	0.08	0.08
EdulChr45G00169140	14.43	14.5	13.57	21.83	20.94	21.52	28.83	27.96	29.75	20.78	23.19	22.12
EdulChr18G00074470	4.95	5.97	4.09	0.09	0.19	0.24	0	0	0	0	0.09	0.07
EdulChr10G00045780	83.96	83.65	76.33	123.17	117.87	118.8	108.77	112.56	108.04	93.83	94.16	93.65
EdulChr50G00184570	0	0	0	0	0	0	0	0	0	0	0	0
EdulChr37G00145220	0	0	0	0	0	0	0	0	0	0	0	0
EdulChr2G00007880	0.28	0.4	0.22	0.2	0.27	0.52	0.23	0.23	0.06	0	0.4	0.21
EdulChr56G00200270	28.29	32.21	28.33	28.55	28.97	26.63	26.77	26.97	29.39	26.97	26.3	28.44
EdulChr3G00015820	0.56	0.62	0.53	0.63	0.42	0.45	1.88	1.78	1.94	0.33	0.38	0.45
EdulChr12G00050370	1.81	1.8	1.92	2.41	2.18	2.41	2.36	2.69	2.97	0.96	1.01	1.03
EdulChr76G00255340	0.03	0	0.03	0.08	0.06	0.08	0.03	0.03	0.06	0.08	0.06	0.05
EdulChr43G00161300	3.39	3.25	3.29	6.37	6.07	6.6	9.64	9.47	9.53	5.61	5.48	5.46
EdulChr7G00031360	14.32	13.84	11.6	0.61	0.85	0.87	0	1.54	0	0.67	0	0.73
EdulChr21G00085950	24.25	22.59	24.07	18.01	18.36	18.58	22.33	23.37	23.26	12.63	12.51	13.98
EdulChr102G00316210	0.19	0.04	0.04	0	0	0	0	0	0	0	0	0
EdulChr57G00201030	0	0	0	0	135.95	0	0	0	0	0	0	0
EdulChr41G00157130	92.6	94.85	87.27	144.51	151.84	146.6	139.92	131.1	118.89	130.04	129.27	130.56
EdulChr20G00084020	0.95	1.37	0.79	0.17	0.06	0.13	0.2	0.32	0.21	0.25	0.4	0.25
novel1500	0.29	0.44	0.27	0.93	0.78	0.75	1.19	0.55	0.77	0	0.33	0.17
EdulChr35G00137610	0.68	0.73	0.76	2.1	1.56	2.06	3.56	4.32	3.65	2.17	2.3	2.8
EdulChr3G00014680	2.05	2.3	2.31	2.02	2.45	2.47	3.13	3.25	3.17	2.01	2.46	2.25
EdulChr8G00034850	15.39	14.1	13.23	32.65	33.32	30.4	27.28	26.35	25.48	26.42	26.02	22.77
EdulChr73G00244860	0	0	0	0	0	0	0	0	0	0	0	0
EdulChr74G00248230	14.35	15.02	12.9	13.4	12.96	12.61	19.39	21.23	21.19	7.37	7.1	7.49
EdulChr51G00188300	37.83	37.85	34.71	39.8	43.15	43.57	57	56.87	55.71	28.75	29.92	30.57
EdulChr94G00298810	12.85	15.32	8.96	6.16	5.43	6.68	6.78	6.73	7.45	4.99	4.98	5.47
EdulChr90G00290200	0.82	0.77	0.76	1.54	2.09	1.38	2.97	2.69	2.59	1.67	2.03	2.3
EdulChr51G00187830	9.1	13.84	0	2.54	0	0	0	0	0	0	0	0
EdulChr94G00300240	10.42	9.92	9.39	4.84	5.34	6.58	5.03	3.64	3.49	5.49	6.61	6.71
EdulChr10G00044500	2.89	2.86	2.1	2.88	2.92	3.47	1.17	1.25	1.56	2.83	2.53	2.43
EdulChr65G00223680	11.94	11.67	9.7	25.79	25.34	26.75	33.72	31.96	34.99	20.99	23.04	21.54
EdulChr110G00332850	0	0	0	0	0	0	0	0	0	0	0	0
EdulChr92G00294830	20.62	19.88	17.12	3.56	3.01	2.47	3.52	4.32	5.2	3.06	3.28	2.66
EdulChr92G00293520	30.61	30.58	27.16	52.12	51.43	61.49	102.95	101.59	102.84	84.61	89.85	73.32
EdulChr21G00086990	0.61	0.63	0.57	0	0	0	0.09	0.03	0.02	0	0	0
novel1667	9.63	9.23	9.18	3.31	2.91	3.15	8.64	9.66	9.58	2.33	2.81	3.52
EdulChr5G00022960	0	0	0.12	0	0	0	0	0	0	0	0	0
EdulChr37G00144570	24.56	25.76	23.33	12.64	12.57	11.96	18.04	17.79	19.17	14.25	13.55	15.3
EdulChr71G00240470	4.83	4.09	4	0.23	0.17	0.15	0.19	0.09	0.12	0.08	0.03	0.04
EdulChr76G00254630	4.09	4.78	3.6	0.14	0.15	0	0	0	0	0.08	0.14	0.08
EdulChr19G00080430	22.47	22.7	17.72	5.27	2.82	3.63	0.24	0.25	0.11	1.76	1.4	1.14
EdulChr21G00085030	0.64	0.95	0.83	0.27	0.54	0.17	0.14	0.26	0.06	0.07	0.05	0
EdulChr12G00053830	3.81	4.03	3.63	3.25	2.96	1.99	4.76	4.53	6.13	2.02	1.79	2.46
EdulChr85G00277650	3.71	3.64	3.4	0	0	0.14	0.11	0.16	0.15	0	0	0
EdulChr79G00258540	1.41	2.61	2	1.63	1.24	1.2	2.13	2.28	2.11	1.67	1.86	1.24
EdulChr88G00285780	0.68	0.6	0.88	0	0	0	0	0	0	0.04	0	0
EdulChr84G00275850	15.79	16.86	14.27	57.74	59	54.81	49.81	48.47	53.16	28.43	25.78	26.62
EdulChr98G00307450	10.77	10.7	8.99	1.77	1.22	1.48	3.71	2.26	2.63	1.84	1.58	1.79
EdulChr6G00025820	20.51	20.25	20.16	24.53	24.37	24.97	30.2	28.72	31.14	17.94	19.36	18.72
EdulChr53G00191620	0.02	0	0	0	0	0	0	0	0	0	0	0
EdulChr41G00156920	10.11	10.32	11.14	3.5	2.58	2.37	1.44	1.61	2.49	0.99	1.02	0.54
novel3537	12.21	13.01	10.73	9.94	11.58	11.99	11.3	12.82	12.28	10.69	13.01	12.28
EdulChr41G00155450	0.39	1.39	0.96	0	0.23	0	0	0	0	0	0	0
EdulChr45G00167800	6.26	7.09	6.44	8.04	7.69	7.84	9.83	8.47	9.61	6.44	7.72	6.56
EdulChr31G00123590	0	0	0	0	0	0	0	0	0	0	0	0
EdulChr76G00254680	0.25	0.26	0.14	0.03	0.04	0.04	0	0.04	0.04	0	0	0
EdulChr53G00191330	6.64	6.6	6.07	3.31	3.93	2.68	3.59	3.06	4.92	1.87	1.81	1.35
EdulChr37G00144620	20.17	20.73	19.08	16.22	16.88	15.24	16.85	15.99	16.06	6.44	6.14	6.64
EdulChr49G00180920	0.24	0.24	0.46	0	0	0.27	0.28	0.29	0.27	0	0	0
EdulChr95G00302770	3.12	3.58	2.81	1.54	1.11	1.21	0.41	0.35	0.4	0.66	0.61	0.71
EdulChr31G00125490	7.71	7.25	9.23	159.4	144.77	163.08	146.28	142.32	152.45	42.49	47.39	43.37
EdulChr86G00280960	10.42	9.61	9.36	1.24	1.42	1.5	0.82	1.07	0.71	0.78	1.03	1.41
novel1377	2.96	3.49	2.25	0.34	0.38	0.73	0.61	1.24	0.38	0.35	0.56	0.38
EdulChr83G00271140	0.06	0.12	0.12	0	0	0	0	0	0	0	0	0
EdulChr18G00075040	0.43	0.49	0.34	0.08	0.09	0.14	0.08	0.08	0.2	0.04	0.06	0.09
EdulChr14G00060350	0.18	0.14	0.2	0.05	0.09	0.09	0.38	0.32	0.37	0.07	0.03	0.09
EdulChr2G00009150	4.36	4.31	3.85	1.79	1.76	1.54	2.84	4.36	3.71	1.62	1.97	1.64
EdulChr89G00288580	3.96	4.29	3.46	3.25	3.38	3.38	5.84	5.89	5.98	4.11	4.07	3.69
EdulChr53G00191600	75.92	75.89	70.4	34.59	36.38	36.81	167.21	169.38	165.61	34.7	35.01	34.21
EdulChr25G00101910	4.1	3.98	3.68	1.36	1.48	1.5	1.1	0.79	1.03	0.93	0.78	1.56
EdulChr14G00060010	32.42	29.82	26.83	80.97	79.52	84.08	56.51	55.55	53.88	52.47	58.08	53.47
EdulChr9G00042110	0	0	0	0	0	0	0	0	0	0	0	0
EdulChr23G00093120	6.71	8.12	6.59	4.78	4.4	5.43	7.34	7.17	6.74	3.38	3.75	3.8
EdulChr73G00246210	0	0	0	0	0	0	0	0	0	0	0	0
EdulChr66G00224560	11.69	11.44	11.24	9.57	9.82	8.97	12.09	12.01	12.44	8.14	7.95	8.47
EdulChr52G00190660	0	0	0	0	0	0	0.95	0	0	0	0	0
EdulChr37G00143720	1.44	1.86	1.49	14.29	14.15	13.65	14.93	14.66	15.11	5.15	6.1	4.66
EdulChr57G00201090	0	0	0	0	0	0	0	0	0	0	0	0
EdulChr19G00079100	0	0.77	0.35	0	0	0	0	0	0	0	0	0
EdulChr5G00022910	0	0	0	0	0	0	0	0	0	0	0	0
EdulChr97G00305280	11.58	11.89	11.05	5.02	5.19	5.37	3.6	3.18	3.33	1.72	1.95	1.6
EdulChr94G00299710	4.06	4.84	4.41	0.04	0.29	0.15	1.38	1.49	0.92	1.22	1.01	0.77
EdulChr4G00018360	59.83	57.38	51.41	58.81	61.49	56.19	119.3	110.31	114.06	44.75	42.44	43.31
EdulChr96G00304030	81.02	84.36	74.68	1.49	1.62	1.53	0.13	0.13	0	0	0	0
EdulChr67G00227780	0.13	0	0	0	0	0	0	0	0	0	0	0
EdulChr94G00299810	0.68	0.82	0.37	0	0	0	0	0	0	0	0	0
EdulChr2G00006620	0.11	0	0.05	0.07	0	0	0	0	0	0	0	0
EdulChr21G00087740	47.16	48.39	43.81	23.88	26.33	24.13	32.95	34.52	34.17	20.43	20.06	20.38
EdulChr2G00010770	0	0	0	0	0	0	0	0	0	0	0	0
EdulChr37G00143510	0.22	0.22	0.21	0	0	0	0	0	0	0	0	0
EdulChr65G00224420	14.13	13.68	12.91	4.36	5.9	5.49	9	7.32	5.83	4.34	3.7	4.32
EdulChr9G00041050	2.68	2.44	2.36	9.59	11.02	9.71	10.19	9.44	11.15	4.32	5.51	5.72
EdulChr55G00198170	2.31	2.88	2.55	3.26	4.02	2.6	2.37	3.15	2.38	2.39	2.51	2.16
EdulChr56G00199090	0	0	0	0	0	0	0	0	0	0	0	0
EdulChr29G00115770	17.49	18.21	14.32	7.76	8.01	7.1	9.15	14.18	11.18	6.65	7.58	6.37
EdulChr11G00046820	0	0.07	0.06	0.2	0.14	0.14	0.48	0.48	0.42	0.14	0.34	0.22
EdulChr19G00079350	18.55	20	16.51	19.27	19.2	17.18	43.18	44.01	45.77	35.41	39.33	37.66
EdulChr95G00302200	1.34	1.41	1.61	0.73	0.57	0.65	0.44	0.52	0.45	2.94	3.11	3.31
EdulChr30G00120060	11.55	11.02	9.77	7.35	7.01	6.48	12.94	12.67	13.36	8.69	8.65	9.21
EdulChr8G00034220	0	0	1.34	0	0	0	0	0	0	0	0	0
EdulChr5G00023560	19.62	19.33	18.93	17.94	17.9	19.63	13.77	14.73	16.26	13.49	13.53	10.63
EdulChr6G00028380	7.83	8.41	7.47	0.93	0.77	0.78	0.65	0.87	0.77	1.49	1.52	1.49
EdulChr82G00269520	27.02	27.53	24.25	13.25	12.79	13.73	19.15	17.31	16.34	13.06	14.75	13.69
EdulChr48G00177640	12.49	11.43	11.64	7.54	7.68	7.23	9.86	10.34	10.38	5.32	5.87	5.05
EdulChr39G00151650	1.56	1.31	1.91	0.13	0.05	0.09	0	0	0	0	0	0
EdulChr48G00178380	0	0	0	0	0	0	0	0	0	0	0	0
novel1334	1.67	2.06	1.31	1.3	1.01	1.15	1.25	1.56	1.38	1.56	1.74	1.57
EdulChr51G00186560	0.15	0.08	0.07	0	0	0	0	0	0	0	0	0
EdulChr107G00326920	1.16	1.5	1.58	8.13	9	8.37	27.61	28.19	27.35	11.12	12.55	12.54
EdulChr33G00131440	4.31	3.67	4.73	3.03	1.86	2.47	4.55	4.72	4.31	1.22	1.8	2.08
novel3652	12382.75	11940.99	22244.78	6928.32	5238.37	4225.63	3484.84	2950.59	2677.58	2778.36	3232.33	4036.21
EdulChr65G00222390	0.18	0.07	0.15	0.08	0	0.1	1.24	1.19	1.44	0.07	0.06	0.04
EdulChr48G00176690	6.87	6.87	6.15	25.93	28.73	28.96	19.88	18.44	20.15	18.53	20.24	18.99
EdulChr24G00096450	3.89	4.48	5.09	4.75	4.36	4.46	2.15	2.16	2.21	5.69	5.87	5.93
EdulChr11G00048400	1.99	2.35	2.55	3.3	2.44	3.7	5.66	5.46	4.46	3.73	3.22	3.27
EdulChr104G00321580	12.43	14.01	12.16	65.09	70.03	69.93	72.39	72.5	73.1	44.89	44.16	47.27
novel36	2.92	2.74	2.7	1.47	1.66	1.7	4.6	4.27	4.18	1.72	1.52	1.58
EdulChr30G00120700	0.89	1.65	2.14	0.14	0.15	0.14	0.33	0.4	0.48	0.3	0	0.3
EdulChr71G00240640	15.75	16.78	15.4	24.1	25.73	25.01	30.68	28.15	31.83	21.75	23.34	24.16
EdulChr20G00081240	47.27	43.99	42.7	21.68	19.92	21.68	17.69	16.86	18.21	15.02	15.25	13.99
EdulChr58G00205560	0.74	0.7	0.64	0.57	0.7	0.59	0.57	1.01	0.66	0.57	0.43	0.45
EdulChr68G00230810	0	0	0	0	0	0	0	0.13	0	0	0	0
EdulChr46G00171030	3.68	4.28	3.97	0.05	0	0.08	0.6	0.66	0.52	0.42	0.51	0.86
EdulChr26G00106920	16.55	17.34	17.15	16.81	15.54	16.48	10.86	10.93	10.49	12	13.5	12.5
EdulChr76G00255260	4.91	5.86	5.77	3.59	3.26	3.66	6.74	7.05	6.32	5.34	5.04	5.64
EdulChr36G00141400	7.27	7.02	7.44	3.2	3.26	3.16	3.8	4.17	4.75	2.43	2.67	3.01
EdulChr68G00230960	7.72	10.75	7.6	12.58	7.33	5.46	9.93	9.73	7.65	6.22	5.95	8.4
EdulChr30G00121800	1.31	1.2	1.36	3.99	4.13	4.13	3.24	2.81	3.6	1.51	1.85	1.85
EdulChr90G00290150	15.75	16.27	16.42	11.77	6.96	7.85	4.22	4.27	3.17	12.07	5.82	10.88
EdulChr51G00187590	3.31	3.67	3.31	1.54	1.65	1.38	4.66	4.89	4.62	2.23	2.39	2.13
EdulChr7G00033660	0.7	0.82	0.48	1.29	1.05	1.07	0.48	0.91	0.58	0.68	0.86	0.6
novel3463	4.45	4.71	4.07	2.24	2.42	1.58	2.22	2.07	2.09	1.91	1.48	1.47
novel2322	120.34	99.5	106.76	148.59	124.45	157.29	271.33	262.25	266.6	99.48	110.72	103.7
EdulChr67G00228900	0	0.07	0	0	0	0	0	0	0	0	0	0
