ID	A1	A2	A3	A4	B1	B2	B3	B4
ID111001	1383.36	736.9	1101	695	11.99	2.13	9.84	12
ID111002	3	1	5	3	281	75	143	138
ID111003	6	2	0	5	372	109	285	101
ID111004	58.04	1502.65	2821.51	4665.1	0	3	1	2
ID111005	257.98	425.19	390.96	523	1556	748.58	1817.45	1083.68
ID111006	0	0	0	0	200	99.65	89.6	180
ID111007	578.81	313.74	612.68	308.39	13.76	2.81	11.01	0
ID111008	156	174	146	95	0.63	1	0	3.36
ID111009	9.81	15.32	9.78	7	108.42	238.58	243.41	96.55
ID111010	118.28	81.95	169.56	110.1	0	0	0	0
ID111011	0	0	0	2.14	192.91	135.98	111.08	258.06
ID111012	245	206	173	287	735	434	609	478
ID111013	0	0	0	0	2359.03	644.8	0	0
ID111014	94	145	161	127	0	0	4	0
ID111015	60.65	163.78	96.4	350.85	4	3	2	4
ID111016	2769.71	1121.1	1124.12	1154.64	92.52	30.91	137.42	15.41
ID111017	0	2	2	5	264	27	121	93
ID111018	0	0	0	0	112	39	53	29
ID111019	328.63	49.02	220.88	397.42	2.66	2.64	0	0
ID111020	0	0	0	0	0	179.98	0	260.39
ID111021	139	1346	1110	1314	61	25	70	25
ID111022	55.96	117	36	58.99	0	0	0	0
ID111023	403.23	217.93	910.63	242.37	7.39	0	14.1	0
ID111024	274.33	385.15	241.16	368.78	78.21	26.06	103.42	59.8
ID111025	116.48	580.98	677.79	1852.16	10.58	15.04	23.17	38.26
ID111026	0	0	0	0	59	13	39	36
ID111027	6569.33	6436.78	7124.99	12054.18	2743.86	1412.71	2593.49	2148.76
ID111028	264.03	309	275	459	53	38	75	79
ID111029	497.31	13.45	1939.88	2079.29	8.58	10	4.66	14.59
ID111030	350.69	41.77	51.08	92.6	0	0	1	0
ID111031	0	0	0	0	31.82	17.49	33.37	20.19
ID111032	0	0	0	0	44.93	27.31	20.37	22.68
ID111033	108.36	141.86	85.57	131.02	325.05	282.85	418.7	180.48
ID111034	9566.39	9298.31	6018.06	8779.74	2031.42	1566.05	1219.16	1878.85
ID111035	0	1.01	1	2	261.3	17.23	145.99	16.65
ID111036	19.86	14.07	1.03	0	175.76	343.76	894.24	303.43
ID111037	198	225	214	277	510	245	416	357
ID111038	0	0	0	0	34.14	17.09	71.84	14.04
ID111039	0	0	10.21	2.01	111	109	149.9	103
ID111040	58.41	167.94	107.16	72.92	311.22	568.28	584.46	429.63
ID111041	56.6	61.94	69.32	73.1	151.51	89.37	186.3	113.22
ID111042	8.36	236.18	170.35	277.46	1.97	2.25	4.49	0
ID111043	93.25	105.29	107.57	84.93	216.26	148.97	273.26	160.93
ID111044	7.67	3.48	3.05	1.01	76.75	158.34	54.35	35.12
ID111045	31.45	66.39	16.15	42.66	0	0	0	0
ID111046	13.57	8.21	26.51	97.62	1063.02	352.77	186.12	634.43
ID111047	14	218.07	65.39	118.09	1	0	2	0
ID111048	34.24	141.92	61.04	68.55	1	1.54	0	4
ID111049	5	490.5	495.5	218	7	1	0	1
ID111050	263.05	163.81	257.17	320.26	44.32	11.52	4.99	4.76
ID111051	54.73	77.02	42.9	47.75	222.83	71.37	251.61	139.71
ID111052	1786	2663	1502	2135	4221	2170	5170	2632
ID111053	31.51	45.29	84.35	46.89	237.05	111.34	222.66	230.78
ID111054	573	302	264	581	110	21	74	24
ID111055	70.12	130.7	106.55	147.01	17.95	5	17.07	1
ID111056	98.31	103.7	251.59	141.28	538.15	363.98	1272.05	588.72
ID111057	108.3	144.32	103.03	104.26	270.71	172.53	213.09	195.1
ID111058	1909	1038.52	956.39	116.78	65.58	32.89	114.38	28.67
ID111059	0	1.19	0	3.57	807.69	111.88	1.14	124.21
ID111060	169.91	1246.55	1132.19	1337.46	10.81	7.24	1.23	54.29
ID111061	1	3	3	0	31	17	40	59
ID111062	26	295	161	93	5	5	0	1
ID111063	17	858.19	1036	1127	27	2	0	2.43
ID111064	40.12	24.2	21.46	25.12	0	0	0	0
ID111065	11	33	73	45	0	0	0	0
ID111066	42	27	36	28	1	0	0	0
ID111067	466.71	368.45	255.7	507.99	128.18	59.98	163.59	72.3
ID111068	160.89	430.78	555.79	0	0	0	0	1.1
ID111069	97.1	98.1	63.76	130.36	120.3	647.96	1531.09	759.86
ID111070	4574	631	662	1707	138	154	104	86
ID111071	105.1	143.85	121.83	118.31	47.11	20.66	22.81	26.61
ID111072	333.92	658.41	650.96	382.29	3354.67	1093.96	1787.44	868.76
ID111073	264	37	58	20	1	0	3	1
ID111074	3363.52	3588.62	6045.67	2906.7	17478.18	8776.31	15578.18	6559.15
ID111075	24	63.88	18.04	41	0	0	0	1
ID111076	137	69.74	261.66	233.09	34.31	16.41	22	10
ID111077	428.89	643.87	496.03	715.74	1069.01	526.98	979.69	740.37
ID111078	3	7	12	6	622	5	1185	15
ID111079	87.86	115.88	111.18	138.76	336.48	166.56	354.18	135.31
ID111080	7901	8808	8432	15036	3814	2412	4831	3050
ID111081	210.83	142.67	97.11	70.22	146.04	1896.39	1395.94	2343.66
ID111082	415	590	496	625	194	164	261	185
ID111083	11	20	7	9	62	49	163	33
ID111084	10.01	8.07	12.01	8.02	355.2	2	677.48	152.56
ID111085	4	7	6	9.53	702.93	6.64	592.9	10.15
ID111086	583	933	652	754	1266	771	1135	848
ID111087	0	1	1	0	0.65	166.39	28	198.19
ID111088	1242	1310	684	2538	383	88	393	162
ID111089	2	106	137	184	1	1	0	1
ID111090	607	551	517	598	258	124	307	208
ID111091	15	17	30	41	0	0	0	0
ID111092	60.09	40.62	51.43	76.9	156.04	83.73	170.3	100.88
ID111093	126.44	27.43	37.69	290.24	6.14	3	5.05	0
ID111094	64.51	123.38	115.35	97.12	299.49	306.56	337.53	150.69
ID111095	37	55	61	43	0	3	0	0
ID111096	301	593	312	605	115	57	197	68
ID111097	1	0	4	2	61	13	39	20
ID111098	286.5	226.94	250.87	297.16	734.59	292.6	570.46	352.58
ID111099	74	59	160	153	20	9	22	15
ID111100	18.5	40.3	40.22	33.51	58.97	179.44	264.26	149.58
ID111101	486	1353	899	628	251	160	130	140
ID111102	129	151	85	1	0	0	1	0
ID111103	195	200	237	0	1	0	0	0
ID111104	13.37	115.77	24.22	32.65	0	0	0	1.24
ID111105	8443.57	2739.78	7155.35	16621.21	1260.61	1153.5	1824.14	821.03
ID111106	69	83	102	70	11	8	24.18	4
ID111107	471	275	296	495	855	669	1438	665
ID111108	232	17	487	352	12	12	1	5
ID111109	1.05	0	0	0	137.03	4.15	157.46	2.58
ID111110	1083.79	1685.76	1724.11	710.63	9142.82	3546.45	10682.9	1641.82
ID111111	1	0	1	2	173	0	138	88
ID111112	7.88	58.28	86.45	13.73	0	0	0	0
ID111113	542	545	693	1007	153	175	101	80
ID111114	105.61	231.66	166.6	108.39	655.64	188.4	581.28	320.8
ID111115	703	378	469	1565	20	12	145	7
ID111116	39.09	93.51	19.74	24.49	235.06	119.97	202.11	162.56
ID111117	41.37	23.8	32.7	62.11	126.81	61.93	177.26	118.45
ID111118	978	1278	900	2140	499	122	406	298
ID111119	44	66	25	87	3799	24	75	2983
ID111120	0	0	0	0	11.96	18.56	125.32	3.61
ID111121	14.44	10.25	0	20.06	80.97	101.15	131.7	82.07
ID111122	76.56	133	26.88	116.53	8	3	11.48	0
ID111123	484	880	911	758	1566	897	1604	1274
ID111124	284	285	207	298	487	268	429.65	346
ID111125	0	2.05	0	0	0	124.78	217.7	167.84
ID111126	87.67	136.07	57.3	79.18	180.57	182.48	263.87	205.39
ID111127	36.09	161.59	181.53	214.3	13.83	15.69	21.41	17.34
ID111128	364.37	32.54	106.06	60.19	1761.56	1511.88	372.54	3880.32
ID111129	8.53	11.28	0	6.99	185.02	121.42	77.37	16.55
ID111130	1046	1738	1250	1897	817	432	811	545
ID111131	538	317	305	716	77	103	82	87
ID111132	0	151.28	125.92	181.33	0	0	0	0
ID111133	15.59	37.82	10.42	24.16	1137.51	17.15	22.81	1190.25
ID111134	90.51	158.24	95.96	1	0	1	1	0
ID111135	3129.43	8213.82	7247.16	5464.32	1242.46	1476.27	1052.33	586.13
ID111136	377.12	359.53	236.63	459.74	151.63	81.34	178.21	108.82
ID111137	15	13	13	4	256	10	180	86
ID111138	138	133	131	154	231	173	287	167
ID111139	73.42	54.33	4.77	16.76	0	0	0	0
ID111140	0	0	0	0	78.95	47.66	160	0
ID111141	683	784	657	863	1018	651	1066	711
ID111142	4.01	5.47	0.17	1	401.65	2.01	488.84	5.03
ID111143	1	6	2	17	267.79	5.86	13	827.1
ID111144	29	97.17	20	138.77	0	4	1	2
ID111145	0	0	0	0	168	24	136	0
ID111146	68	142.72	150.08	155.67	31	17	44	30
ID111147	217.03	309.83	221.3	362.91	102.64	28.76	126.44	45.42
ID111148	15.04	18.4	39.59	48.58	181.06	65.12	258.77	68.71
ID111149	0	0	0	0	0	66	160	50
ID111150	566	501	277	506	153	105	211	125
ID111151	50	27.38	43.79	65.13	444.66	194.3	442.05	40.61
ID111152	0	0	0	0	45.73	3.02	24.02	12.62
ID111153	20	18.68	27.32	32.87	581.3	14.21	179.24	215.11
ID111154	4619.52	6782.99	4737.33	5117.75	13885.37	8023.3	19900.46	5295.6
ID111155	0	15	1	1	1011	62	141	4
ID111156	22.56	33.58	21.15	27.79	78.26	33.62	68.25	59.48
ID111157	340.71	449.57	19.99	341.84	21.61	17.89	23.79	21.62
ID111158	16.82	25.83	20.02	10.96	0	0	0	0
ID111159	886	1042	947	1043	1696	989	1292	1064
ID111160	46.46	458.13	8.77	294.37	16	3	5	3
ID111161	0	155	180	127	0	0	1	1
ID111162	164.07	141.99	0	103.93	0	0.71	0	0
ID111163	17.51	17.71	27.08	21.62	111.06	45.46	76.99	33.65
ID111164	227	246	230	189	620	310	698	238
ID111165	167.43	121.58	156.41	234.3	318.52	267.71	544	267.64
ID111166	78	142	56.94	113	34	16	16	12
ID111167	261.18	306.63	313.06	284.3	603.59	275.37	477.68	342.14
ID111168	97	129	87	114	438	225	367	101
ID111169	6	5	2	3	317	0	172	82
ID111170	12.91	39.57	15.71	15.22	160.2	22.17	166.89	99.46
ID111171	160.44	53.95	285.89	440.29	29.45	28.94	14.57	16.39
ID111172	157	148	183	273	57	41	87	33
ID111173	284.61	2.1	11.89	74.55	1.07	1.08	0	0
ID111174	36.2	68.43	57.06	87.71	14.93	9	16	4
ID111175	243	215	143	272	70	62	54	54
ID111176	213.96	60.32	21.12	98.32	9.4	2	10.48	7.64
ID111177	817.15	1675.85	1265.9	52.59	46.1	66.34	6	6.97
ID111178	23	4	27	68	0	0	0	0
ID111179	560.41	844.63	646.39	986.14	290.23	206.57	450.88	251.1
ID111180	19278.48	9658.01	5971.67	55127.25	3172.63	2008.7	4192.54	1996.4
ID111181	20	22	17	16	0	0	0	1
ID111182	618.96	416.39	352.36	121	59	39	107	35
ID111183	61.16	32.29	37.73	70.82	53.78	276.55	399.75	332.09
ID111184	251.06	597.01	1038.97	611.5	61	2	0	1
ID111185	5200.98	5170.54	5362	5921	8735.99	4878	10897	9420.99
ID111186	725	782	590	1102	177	182	190	279
ID111187	0	1	0	0	81	34	114	0
ID111188	164.04	123.71	118.71	111.22	321.15	135	312.79	224.22
ID111189	223.8	367.35	9.03	346.15	0	0	0	8.05
ID111190	0	1	1	3	137	2.98	3	142
ID111191	2	139	144	132	4	2	5	0
ID111192	0	808.1	582	414.47	1	0	0	0
ID111193	627	552	383	540	1102	515	1350	680
ID111194	218	369	646	2332	108	70	109	96
ID111195	111.12	135.85	0	93.95	0	0.75	0	0
ID111196	9	5	37	93	0	0	0	0
ID111197	25	24	20	11	1	0	0	0
ID111198	1167	1259	1469	765	4756	4011	2028	2300
ID111199	82.84	3	63.48	64.58	0	0	2	0
ID111200	106.5	385.35	282.16	785.81	1237.06	1651.66	1201.8	1545.59
