ID	A1	A2	A3	A4	B1	B2	B3	B4
ID222001	0	0	0	0	0	22	144	65
ID222002	542	691	645	599	913	543	1050	665
ID222003	275	372	294	351	178	108	194	147
ID222004	1	1	9	5.19	4	120.22	68.13	107.1
ID222005	1.48	0	0.71	1.43	0.82	190.79	304.53	0
ID222006	239.46	166.31	141.79	180.87	19.73	28.08	38.85	51.88
ID222007	50	101	57	150.32	20	15	18	17
ID222008	69.75	75.59	53.48	80.51	11.85	11.75	29.1	8.92
ID222009	2581.55	997.91	1405.78	1085.08	358.38	225.89	425.68	406.82
ID222010	3	8	2.05	4	29	16	35	13.64
ID222011	40.83	26.44	26.61	45.93	1553.88	23.44	667.49	41.39
ID222012	208.56	59.57	36.31	414.76	13.86	0	16.95	7
ID222013	88.4	85.49	0	118.91	0	0	0	0
ID222014	142.36	11.12	86.82	118.21	9.27	2.02	2.01	8.11
ID222015	1294	1577	1526	2388	680	563	516	532
ID222016	6	18.58	12.62	7.08	13.11	65	159	100.03
ID222017	45.84	257.32	76.41	58.23	587.33	437.29	282.38	422.12
ID222018	1.9	6.38	0	0	138.94	162.62	308.95	0
ID222019	1.05	5.22	1.03	5.33	7.4	107.3	157.19	5.39
ID222020	5	4	6	2	1	70.71	670.04	10
ID222021	147	99	105	158	28	24	29	41
ID222022	36.4	67.12	99.59	85.05	153.04	415.56	213.38	259.72
ID222023	115	38	46	27	18	621	1687	607
ID222024	0	0	0	0	94.38	0	63.19	30.2
ID222025	156.51	180.79	204.14	113.84	796.42	409.31	1379.02	148.41
ID222026	144.92	41.47	130.36	253.94	27.41	8.48	15.55	24.41
ID222027	35.33	16.52	14.3	22.19	48.71	77.98	209.35	61.29
ID222028	1266.07	1794.21	772.82	1271.91	2662.93	2425.81	3481.45	1458.49
ID222029	148	271	142	160	297	252	444	275
ID222030	0	122	52	119	0	0	0	0
ID222031	228.52	171.4	105.34	139.91	22.76	19.37	68.2	16.48
ID222032	0	0	3	5	21.02	143	1	261.59
ID222033	8.6	57.08	30.88	10.05	0	0	0	1
ID222034	2141.79	2448.84	3469.86	1419.73	5829.96	3642.65	6370.82	4721.94
ID222035	42	31	63	94	4	0	0	6
ID222036	0	0	0	0	0	38.38	91.12	43.71
ID222037	1660	110	1105	605	86	82	133	77
ID222038	6	17	6	13.07	56	75.41	20.15	63
ID222039	9.12	43.45	4.8	43.15	0	0	0	0
ID222040	67	75	24	35	72	324	236	286
ID222041	0	0	0	0	0	178	38	10
ID222042	1815	1883	2194.92	2603	1237	798	1174	759
ID222043	6.97	176	68	155	5	3	9	8
ID222044	11.56	8.05	68.23	101.46	0	0	2	0
ID222045	0	2	2	1.02	44	39	58	1
ID222046	22.24	0	16.94	4.8	1916.44	8.86	859.96	7.85
ID222047	262.2	107.9	279.49	607.16	67.58	38.62	66.48	58.38
ID222048	303.43	254.59	331.41	508.32	709.2	434.17	726.16	444.53
ID222049	33.48	42.85	18.67	29.86	132.4	77.53	59.16	63.22
ID222050	1441.99	329	1194	6522	195	140	432	134
ID222051	17.21	1.26	3.89	2.02	6.75	327.9	647.64	3.79
ID222052	3703	4548	6171	6182	11532	5240	9121	6865
ID222053	1068.54	814.67	1565.62	1091.98	4245.1	1446.4	3437	1504.58
ID222054	0	0	0	0	4.09	64.05	230.94	0
ID222055	15.51	400.65	412.56	34.78	12.93	8.5	13.12	13.41
ID222056	3	8	6	4	24	20	21	38
ID222057	985	1003.24	969.81	893.97	1970.36	862	1470	1110
ID222058	239	380	169	396	116	71	139	77
ID222059	8	1	9	3	39	15	69	41
ID222060	17	13.48	71.28	5.24	0	0	0	0
ID222061	112.9	96.78	109.89	89.05	324.15	125.67	364.76	119.7
ID222062	24	15.63	16	25.08	48.01	35.92	79.81	40.95
ID222063	31.99	41.55	15.4	11	60.05	381.62	41.13	300.31
ID222064	2.62	16.22	6.9	2.07	408.11	11.7	231.85	5
ID222065	12	15	18	19	1	0	0	0
ID222066	0.41	0	0	0	81.33	17.07	86.56	0
ID222067	4.93	12.16	1.67	5.91	8.37	356.07	0	618.52
ID222068	1250.87	590.6	1026.08	471.62	1806.12	2190.67	3885.48	1988.78
ID222069	428	416	388	446	228	95	270	148
ID222070	318.23	2172.67	1123.12	2229.75	275.6	229.01	74.23	94.36
ID222071	59	204	222	820	47	22	43	37
ID222072	3.85	65.84	20.41	46.15	1.18	0	0	1
ID222073	0	0	0	0	208.82	0	1.67	101.76
ID222074	3126.11	4169.84	1030.01	1001.97	29913.64	6616.71	14840.7	2598.3
ID222075	49.02	100.3	10.82	25.03	437.67	117.33	144.77	233.4
ID222076	6.97	15.36	14.3	27.56	0	0	0	0
ID222077	17.54	129.87	16.23	122.63	9	1	1	3
ID222078	127	19	3	8	0	0	0	0
ID222079	1	9	4.93	3.78	0	108.37	1267.29	4
ID222080	4	2.03	8.97	0	19.94	209.98	1	348.63
ID222081	14	51	6	10	140	59	142	62.32
ID222082	0	1	0	1	88.57	6	205.18	0
ID222083	305	254	157	235	105	30	105	54
ID222084	2	49.2	20.14	32.06	0	0	0	0
ID222085	47.04	17.01	4.12	2.54	23.32	625.63	736.23	35.91
ID222086	632.66	432.37	130.95	554.03	558.87	1535.6	3474.97	1932.4
ID222087	16.47	8.6	2.91	14.22	38.94	187.57	87.35	19.5
ID222088	637	1144	1195	780	3223	1022	2026	1401
ID222089	35	562	299	709	58	25	63	11
ID222090	266	419	169	421	103	53	154	84
ID222091	706	520	797	1124	293	86	387	122
ID222092	24	16	13	2	123.96	55	255	27
ID222093	66	49.42	52.69	49.03	136	73.87	101.39	117.89
ID222094	128	108	82	72.7	1.44	4.86	26.02	3.26
ID222095	6.74	1	76.8	83.89	0	0	0	0
ID222096	150	40	2	12	1.39	0	1	0
ID222097	171	162	126	193	78	50	85	59
ID222098	2.84	6.91	0	0	58.34	23.6	35.6	17.3
ID222099	156	131	0	13	0	0	0	0
ID222100	651.38	467.55	560.15	620.73	1171.55	617.7	2066.98	757.81
ID222101	1274.8	1961.33	1079.52	1561.13	2619.32	1414.2	2252.63	1493.51
ID222102	907	1617	1966	1896	777.15	382	778	491.11
ID222103	337	679	1106	565	3125	1033	1450	1818
ID222104	1735.19	1540.76	2500.18	3355.57	768	612.41	598.7	741.18
ID222105	85.01	25.88	17.81	137.04	8.05	0	1	0
ID222106	28.42	77.31	1	21.88	0	0	0	0
ID222107	571.23	567.68	618.17	858.56	1457.54	611.05	1037.88	752.53
ID222108	122.85	165.62	195.61	198.88	731.16	230.51	536.3	170.12
ID222109	278.32	228.44	259.38	302.96	621.91	251.7	444.69	526.05
ID222110	472	201	414	753.94	121	23	106	109
ID222111	84.52	125.79	105.19	103.97	298.69	94.3	352.71	136.27
ID222112	58.81	176.47	100.95	118.88	31.74	7.39	18.92	30.46
ID222113	367.96	833.38	584.14	595.9	1205.34	595.29	1123.16	754.63
ID222114	353	317	338	235	624	490	915	355
ID222115	0	0	0	0	37.91	26.77	78.36	0
ID222116	15	5	7	4	50	7	231	58
ID222117	3.62	4	4.92	1	102.6	18.58	1.22	160.51
ID222118	104	208	141	169	329	240	373	155
ID222119	12.24	648.86	43.04	723.06	26.65	5.07	0	2.51
ID222120	48.74	0	67.34	101.29	0	0	0	0
ID222121	340.8	472.74	312.79	591.44	799.52	777.28	1088.33	436.82
ID222122	159.98	179.69	204.7	84.3	426.66	515.52	342.5	331.27
ID222123	1.83	10.03	65.54	60.54	0	0	0.56	0
ID222124	221.79	56.59	87.76	100.31	348.94	235	575.68	339.19
ID222125	23.1	71.24	35.18	71.04	201.49	188.93	99.44	95.15
ID222126	72.5	69.67	33.97	73.07	107	103	166.08	134
ID222127	5	54	288	61	3	5	8	3
ID222128	10	17	7	24	0	0	0	0
ID222129	523.95	2478.41	1691.62	231.35	193.21	114.85	217.72	155.61
ID222130	39.79	40.2	273.1	228.55	2.5	3.52	26.09	8.56
ID222131	244.64	620.54	640.09	37.05	58.86	28.13	14.31	38.5
ID222132	1	21	15.03	0	83.92	102.98	207.06	62.37
ID222133	111	264	216	234	85	27	86	24
ID222134	44	104	63	76	147	105	215	90
ID222135	41	37	32	63	14	7	8	8
ID222136	2	2	4	1	6	18.87	169.86	7
ID222137	83	112	110	185	49	12	40	34
ID222138	4	15.58	66.93	54.42	2	0.97	1	0
ID222139	740	216	139	336	68	57	52	60
ID222140	3872.09	3350.32	2277.79	3511.89	4481.3	5728.33	10415.32	4690.34
ID222141	50.17	0	53.49	107.49	0	0	0	0
ID222142	280.6	311.5	469.58	402.05	602.03	581.69	858.05	499.15
ID222143	148.61	323.89	181.31	224.01	485.76	263.42	337.43	331.62
ID222144	444.99	138.34	37.85	456.8	49.3	25	10.88	17.78
ID222145	12.95	18.78	6.29	17.46	0	0	0	0
ID222146	466.69	551.04	561.15	449.37	1000.67	543.23	903.02	490.98
ID222147	2.24	0	4.24	0	6.51	47.66	22	50.5
ID222148	175.69	215.68	161.25	245.75	107.48	71.75	93.18	77.84
ID222149	270	880	506	300	2433	663	1317	904
ID222150	5	3	3	1	2	33	210	16
ID222151	2	187	141	1	0	1	0	1
ID222152	6689.57	786.1	3838.19	6317.65	1012.69	118.71	896.89	107.48
ID222153	193.45	133.04	249.45	176.48	708.92	210.23	411.41	343.99
ID222154	49.97	63.37	28.67	56.99	5.19	9.54	14.27	5.01
ID222155	286.51	82.94	143.44	81.36	176.95	587.96	1211.61	976.81
ID222156	175.54	28.58	5.88	40.92	2	0	5	0
ID222157	96	93	9	5	0	1	2	2
ID222158	1	2	470	229	1	0	0	4
ID222159	0	74.2	53	77	0	0	0	1
ID222160	161	253	223	1148	43	49	67	75
ID222161	0	0	1	0	0	23.52	105.13	21.18
ID222162	45.31	271.33	45.87	1396.38	14.25	9.02	59.6	13
ID222163	133.68	238.88	102.44	263.7	71.78	49.11	49.03	33.98
ID222164	2	5	2	2	6	1	87	145.09
ID222165	8538	9277	3798	4992	14268	8331	15574	13148
ID222166	28.62	0	132.27	88.71	1	1	0	0
ID222167	2.38	3.78	2.1	1.93	211.89	10.3	93.15	0
ID222168	813	1157	1114	979	610	379	631	417
ID222169	0	0	0	0	88.99	8.45	0	59.34
ID222170	262	336	207	295	398	242	441	312
ID222171	113	80	11	158	14	0	7	4
ID222172	175.7	14.84	8.29	25.52	57.7	1886.87	2399.16	81.3
ID222173	424.11	351.28	310.61	443.01	583.07	346.74	784.38	490.6
ID222174	1	1	3	8	4.79	77	155	6.08
ID222175	201	238	204	310	109	43	146	75
ID222176	27.4	21.33	19.98	26.25	63.51	89.75	209.31	24.97
ID222177	76	110	49	84	27	9	35	17
ID222178	185.8	207.29	212.45	169.17	288.56	198.97	431.39	313.07
ID222179	4	11	15	48	0	0	0	0
ID222180	320	716	31	154	43	2	19	28
ID222181	14	38.55	24.76	25	236	21	420	40
ID222182	219	212	202	150	385	231	321	297
ID222183	22	15	28	29	105	89	1216	6
ID222184	234	177	148	325	43	53	52	70
ID222185	75.51	152.81	100.83	124.17	273.71	149.42	228.12	114.56
ID222186	1	195	261	1	0	2	1	0
ID222187	161.97	21.07	31.92	134	18.4	1	3	2
ID222188	111	94	66	119	222	136	521	126
ID222189	9	5	4	3	31	25	42	10
ID222190	22	50	51	126	10	5	16	5
ID222191	140	92	131	70	422	156	245	187
ID222192	844.02	938.46	651.65	952.97	471.9	265.94	613.82	312.63
ID222193	2	0	0	3	12.54	37.04	11.37	18.38
ID222194	728.11	1240.26	1259.85	1583.07	585.72	247.37	184.65	321.54
ID222195	586.84	683.03	477.33	580.15	358.97	229.39	311.77	185.06
ID222196	4	61	71	84	4	5	3	1
ID222197	0	0	0	0	1	11	32	17
ID222198	657	1569	1095	2111	561	302	188	267
ID222199	304.56	400.01	265.3	370.65	614.54	275.13	555.08	316.99
ID222200	2626.65	1551.53	2170.66	1402.86	563.34	448.65	450.08	696.99
