Index	A1	A2	A3	A4	B1	B2	B3	B4	C1	C2	C3	C4
MEDN005	1430000	1560000	1420000	1410000	2500000	2420000	2250000	2420000	2760000	2330000	1900000	2200000
MEDN011	998000	1190000	1220000	1440000	2160000	2190000	2230000	2300000	2130000	1860000	1590000	1550000
MEDN015	10700000	13400000	12100000	13400000	22000000	20500000	17500000	20900000	18400000	18800000	19200000	16700000
MEDN016	44600	39800	52200	59800	41200	42000	43500	45000	39300	37200	35200	37400
MEDN018	429000	474000	441000	453000	407000	421000	451000	388000	561000	493000	424000	440000
MEDN027	66500	65200	69600	72800	59500	52700	39100	54700	56400	47400	38500	52100
MEDN032	752000	885000	811000	871000	767000	751000	721000	753000	703000	776000	849000	803000
MEDN033	174000	236000	202000	230000	211000	171000	91200	122000	53500	60000	66500	50000
MEDN036	30600	27400	26000	21500	14400	11800	6480	9840	9	9	9	9
MEDN040	40500	22400	31700	22900	22700	19000	11400	19200	17600	17800	18100	19900
MEDN042	326000	300000	306000	285000	486000	466000	426000	478000	258000	205000	153000	194000
MEDN043	7360	7590	7260	7160	7860	7470	6700	10600	10400	7780	5210	7230
MEDN045	291000	321000	273000	256000	240000	232000	217000	226000	229000	223000	216000	168000
MEDN046	1970000	2010000	2040000	2100000	2280000	2170000	1950000	2150000	2560000	2190000	1810000	2090000
MEDN049	39500	69600	52100	64700	46700	37300	18700	41300	27600	35600	43600	39300
MEDN052	71700	78100	71000	70300	85700	77600	61300	78500	90000	82600	75100	59700
MEDN055	23500	74800	52100	80700	132000	118000	90100	116000	364000	562000	761000	287000
MEDN056	57300	52600	57500	57700	102000	99200	93600	92100	96200	96900	97600	94100
MEDN057	11600	12600	12200	12900	34700	31700	25800	34300	24800	24500	24300	22400
MEDN059	383000	366000	396000	410000	515000	440000	289000	419000	138000	149000	160000	114000
MEDN061	445000	375000	386000	327000	475000	455000	415000	444000	1590000	1870000	2150000	1520000
MEDN065	39300	60900	44700	50100	73400	74700	77300	79900	236000	213000	191000	225000
MEDN068	283000	370000	330000	376000	944000	920000	874000	928000	756000	658000	560000	588000
MEDN072	377000	462000	425000	474000	774000	709000	579000	708000	693000	690000	686000	614000
MEDN074	38000	28500	37200	36400	27800	26000	22600	29000	18900	15800	12700	21500
MEDN084	819000	849000	1420000	2010000	895000	890000	881000	828000	536000	781000	1030000	554000
MEDN091	9	9	9	9	8610	8280	7630	8840	16800	20000	23200	13000
MEDN092	21700	31300	25100	28500	123000	119000	111000	132000	112000	93700	75800	77700
MEDN111	32200	33900	28600	25000	29900	27600	23100	31000	179000	191000	203000	156000
MEDN113	27300	23300	26000	24800	35400	32000	25400	39600	182000	190000	197000	166000
MEDN114	29900	41700	33100	36300	43000	50300	64900	42000	61000	58700	56500	36400
MEDN115	36100	45600	35100	34100	45100	51000	62900	45500	53600	59000	64500	34100
MEDN120	65600	68800	61900	58100	62000	63400	66200	55200	129000	124000	119000	142000
MEDN140	11600000	15200000	13300000	15100000	51600000	49100000	44100000	52600000	26600000	23200000	19800000	24100000
MEDN146	73400	83600	52600	31800	60200	62900	68200	41800	47400	43000	38600	42400
MEDN147	6610	5470	7860	9100	16400	17800	20600	21000	10900	10800	10600	11100
MEDN149	25400	38100	31800	38100	91900	94100	98600	63800	109000	94300	79600	62900
MEDN153	615000	233000	515000	415000	344000	384000	465000	9	194000	154000	113000	126000
MEDN156	16200	8690	21200	26200	32000	27500	18600	31800	17800	17500	17200	11300
MEDN158	15700	8020	16700	17800	6270	7320	9420	6450	9	9	9	9
MEDN160	895000	726000	898000	902000	739000	722000	687000	654000	217000	179000	141000	205000
MEDN162	250000	497000	370000	490000	849000	863000	891000	824000	798000	673000	549000	467000
MEDN164	33600000	33700000	37900000	42300000	86800000	88800000	92800000	84000000	31900000	27600000	23300000	21300000
MEDN165	9	44500	29100	58100	59100	69200	89500	9	223000	269000	315000	176000
MEDN166	25200	37100	22800	20300	123000	111000	86100	120000	46500	40600	34800	38500
MEDN170	4570	3120	6260	7950	43100	37600	26800	41200	3920	5580	7240	5440
MEDN173	98100	91600	95700	93300	152000	139000	113000	144000	27900	28300	28600	33900
MEDN196	2670000	3430000	3500000	4330000	4700000	4610000	4440000	4560000	3700000	4050000	4400000	2910000
MEDN199	175000	215000	204000	232000	1140000	1250000	1460000	1010000	1770000	1760000	1750000	1470000
MEDN200	169000	276000	189000	209000	1080000	1110000	1180000	1040000	1910000	1610000	1300000	1310000
MEDN201	622000	571000	566000	510000	1120000	1060000	945000	1060000	812000	728000	644000	724000
MEDN206	41000	37400	41300	41500	85300	76400	58600	57800	78500	60200	41900	56400
MEDN211	28300	18700	28000	27600	27600	30300	35800	28500	29200	25000	20900	18400
MEDN214	52600	59000	50600	48700	40300	46100	57600	39400	108000	84000	59500	66100
MEDN216	17600	15900	21000	24300	21100	22300	24800	21300	28500	22700	16800	19000
MEDN218	415000	450000	412000	408000	970000	995000	1050000	993000	839000	753000	667000	733000
MEDN221	425000	438000	438000	452000	934000	924000	904000	934000	920000	890000	860000	866000
MEDN222	18700	25900	22800	26900	10300	13000	18600	13200	25900	22500	19100	25400
MEDN223	717000	987000	797000	878000	795000	916000	1160000	808000	1400000	1390000	1390000	1060000
MEDN224	888000	1020000	961000	1030000	822000	906000	1070000	863000	1470000	1490000	1510000	1050000
MEDN226	3460000	3610000	3500000	3530000	3030000	3090000	3200000	3040000	3050000	3180000	3300000	3050000
MEDN227	1160000	2330000	1510000	1860000	9040000	9290000	9800000	10100000	5560000	6420000	7290000	5710000
MEDN228	37400	32900	29400	21500	23600	25700	29900	30900	35700	27000	18300	29700
MEDN236	311000	343000	298000	284000	221000	235000	264000	239000	363000	320000	278000	281000
MEDN237	12800	15200	12700	12700	48000	38500	19600	41400	15100	15500	15900	11400
MEDN240	15500	20300	17000	18400	35100	35700	36800	32900	28500	23300	18000	27700
MEDN241	43300	40800	44700	46100	56500	56200	55500	55600	67200	58700	50200	58200
MEDN244	10700	17000	14300	17800	44800	37500	22900	30800	16400	17900	19400	15500
MEDN245	2770000	3930000	3390000	4000000	47700000	46300000	43700000	44600000	34800000	32100000	29500000	28300000
MEDN260	15700	15300	16500	17300	15600	16100	17000	16300	18200	15600	13100	17500
MEDN262	15200	23700	14600	14000	21700	24400	29700	22900	33700	32600	31500	20500
MEDN279	158000	151000	152000	147000	105000	106000	107000	110000	76400	57100	37800	65000
MEDN280	1380000	1340000	1490000	1600000	5770000	5510000	4990000	5340000	4890000	3990000	3080000	3660000
MEDN290	113000	143000	120000	128000	1360000	1300000	1180000	1280000	2420000	2180000	1940000	1700000
MEDN300	3810000	4280000	3820000	3830000	4090000	4130000	4190000	4000000	4310000	4210000	4100000	4270000
MEDN304	108000	133000	112000	116000	211000	194000	160000	201000	178000	175000	172000	163000
MEDN305	412000	380000	405000	397000	1220000	1160000	1050000	1160000	810000	658000	505000	607000
MEDN309	29300	51300	47100	64900	179000	188000	206000	208000	206000	206000	206000	157000
MEDN316	9220	12600	10200	11200	21400	21400	21300	20100	20600	21000	21400	25000
MEDN321	9	9	9	9	58900	63400	72400	64100	151000	149000	147000	98400
MEDN322	5860	10100	7090	8320	15900	16700	18300	16800	19500	21800	24200	23200
MEDN324	9	9	9	9	12900	12400	11300	13800	35000	27600	20200	18400
MEDN325	42000	45300	47700	53400	148000	148000	149000	171000	164000	156000	147000	152000
MEDN335	2020000	2370000	2210000	2400000	9860000	9020000	7330000	10300000	4560000	4780000	4990000	4480000
MEDN338	4230	4130	4210	4200	7170	6900	6360	6340	14000	14100	14200	12600
MEDN349	157000	247000	192000	228000	700000	685000	655000	689000	549000	496000	443000	585000
MEDN351	15500	24600	20900	26300	48900	49600	50900	55100	56600	53500	50400	58500
MEDN352	1940000	1940000	2080000	2230000	8350000	8120000	7670000	8260000	4420000	3430000	2440000	3250000
MEDN360	16300	18200	17900	19500	36000	35200	33800	34100	32600	27300	22000	28000
MEDN362	3520000	3480000	3600000	3680000	4840000	6400000	9510000	5830000	4590000	3440000	2290000	2520000
MEDN364	234000	256000	255000	277000	424000	479000	590000	448000	1680000	1700000	1710000	1840000
MEDN366	508000	525000	524000	541000	303000	354000	456000	345000	760000	704000	648000	705000
MEDN368	18000	18100	17900	17800	13300	15000	18500	13700	9230	8320	7410	7740
MEDN370	37800	38800	29700	21500	71400	69600	66000	63200	64700	59400	54100	48100
MEDN372	21000	19600	19800	18700	11500	11500	11400	11200	13000	13100	13200	13200
MEDN376	22400	21400	23400	24400	22700	22700	22800	22700	24100	24400	24800	24000
MEDN379	5270	4870	4850	4440	7670	7280	6500	7160	9020	9020	9020	6820
MEDN380	5570000	6280000	6090000	6610000	12500000	12400000	12400000	11900000	36200000	34800000	33400000	36800000
MEDN381	38300000	41000000	39300000	40400000	43700000	43900000	44400000	45000000	45600000	47100000	48600000	50300000
MEDN383	3790000	3970000	4050000	4300000	6490000	6210000	5670000	6490000	8160000	8120000	8090000	8830000
MEDN385	261000	254000	275000	289000	342000	346000	355000	341000	471000	449000	427000	472000
MEDN388	102000	105000	103000	104000	108000	108000	108000	103000	127000	129000	132000	143000
MEDN390	753000	887000	985000	1220000	3140000	2900000	2430000	2850000	2750000	2610000	2480000	2630000
MEDN391	40900	46900	47900	54900	125000	123000	119000	114000	135000	132000	130000	124000
MEDN394	25200	27300	25400	25600	29700	29700	29600	30600	26800	29100	31400	32500
MEDN395	69300	92900	69400	69400	97600	104000	116000	110000	90700	105000	119000	92200
MEDN404	12600	22200	13500	14500	20100	19000	16700	18900	90600	101000	112000	72400
MEDN409	36800	35200	36300	35900	33400	34300	36100	31200	33100	33000	32900	36400
MEDN411	60600	55500	58200	55900	74800	72400	67600	68800	75700	74700	73600	87600
MEDN421	34800	53800	47300	59800	30700	20500	9	26700	9	9	9	9
MEDN425	23400000	23900000	23500000	23700000	18900000	19400000	20500000	19400000	20000000	20200000	20500000	20500000
MEDN434	57800	72000	69600	81400	126000	115000	92800	119000	102000	99600	96900	63800
MEDN444	33900000	33300000	37500000	41200000	87300000	88600000	91300000	82100000	32100000	27500000	22800000	20500000
MEDN452	136000	145000	166000	196000	411000	378000	312000	359000	164000	157000	149000	157000
MEDN461	8830	11100	8560	8290	13500	14100	15100	14800	8700	12400	16000	17400
MEDN462	439000	443000	435000	432000	1050000	1030000	1000000	1070000	901000	788000	675000	790000
MEDN463	263000	568000	420000	576000	3790000	3950000	4280000	4130000	2160000	2520000	2890000	2330000
MEDN466	106000	139000	128000	151000	117000	116000	113000	112000	89800	120000	151000	129000
MEDN470	435000	438000	439000	443000	418000	425000	438000	445000	391000	379000	367000	343000
MEDN478	74200	94800	73800	73400	268000	255000	228000	218000	129000	126000	124000	157000
MEDN480	1510000	1560000	1590000	1670000	1810000	3000000	5390000	2280000	3060000	2130000	1200000	1570000
MEDN485	98700	84600	125000	152000	200000	252000	355000	229000	217000	205000	194000	170000
MEDN486	4550000	4930000	4580000	4620000	4430000	4610000	4970000	5510000	4160000	5080000	6010000	3440000
MEDN491	3180	3920	3110	3050	5150	5200	5310	5490	6830	7280	7730	6760
MEDN494	1920000	2020000	2070000	2220000	3380000	3440000	3550000	3360000	6450000	6420000	6380000	6850000
MEDN496	126000	180000	146000	167000	289000	273000	240000	276000	114000	106000	97100	90500
MEDN498	63500	99100	97100	131000	331000	364000	431000	342000	125000	136000	148000	102000
MEDN499	44600	161000	89000	133000	769000	729000	648000	710000	420000	552000	685000	565000
MEDN502	124000	216000	169000	214000	237000	227000	206000	223000	191000	252000	314000	223000
MEDN506	260000	391000	316000	372000	639000	636000	631000	657000	691000	538000	385000	868000
MEDN507	5040	8520	6240	7430	5320	4720	3510	4800	6130	6610	7090	3260
MEDN530	71900	95600	93700	115000	253000	264000	286000	286000	258000	216000	174000	203000
MEDN533	500000	712000	646000	792000	8090000	7370000	5930000	7900000	1330000	1130000	938000	774000
MEDN535	10500	14200	11800	13100	93100	100000	114000	96100	81200	73700	66300	40600
MEDN537	149000	110000	117000	84200	834000	603000	141000	778000	91000	65700	40300	57100
MEDN538	144000	137000	152000	161000	304000	203000	9	253000	106000	89200	72500	63700
MEDN541	32600	28500	29500	26400	30300	29700	28600	28900	36700	33600	30500	30100
MEDN543	74700	100000	102000	128000	240000	250000	271000	256000	269000	216000	163000	172000
MEDN553	2330000	2870000	2460000	2600000	6130000	5880000	5390000	6320000	4040000	3310000	2590000	3120000
MEDN554	213000	246000	223000	232000	217000	217000	217000	234000	172000	142000	112000	159000
MEDN555	127000	146000	141000	156000	490000	480000	460000	493000	447000	412000	378000	362000
MEDN563	68800	52600	108000	147000	102000	94400	79100	66600	83700	177000	270000	459000
MEDN565	91100000	100000000	97300000	104000000	146000000	148000000	152000000	141000000	244000000	240000000	236000000	249000000
MEDN572	382000	442000	417000	452000	723000	691000	626000	675000	583000	620000	657000	657000
MEDN574	15100	20800	21400	27600	25300	20800	11700	18900	17300	19500	21700	12000
MEDN579	25000	27300	34200	43400	40000	36800	30300	39800	38500	34900	31300	33400
MEDN580	1300000	2900000	2020000	2750000	13200000	13900000	15300000	14500000	8150000	8970000	9780000	7790000
MEDN588	579000	633000	680000	782000	3770000	4990000	7420000	4580000	6170000	4750000	3340000	5910000
MEDN593	42900	17600	41200	39500	226000	204000	160000	202000	333000	271000	210000	134000
MEDN594	9	9	9	9	9	9	9	9	71900	86600	101000	59800
MEDN596	1280000	3090000	2060000	2840000	12900000	13500000	14800000	12900000	8280000	9060000	9840000	8090000
MEDN602	367000	567000	801000	1230000	1160000	1220000	1330000	9	1540000	1490000	1440000	945000
MEDN604	12500	9340	11400	10400	11500	11200	10700	10400	12800	11800	10700	11700
MEDN605	534000	514000	511000	489000	521000	477000	389000	589000	865000	840000	816000	597000
MEDN607	226000	228000	238000	250000	211000	205000	193000	219000	139000	159000	179000	151000
MEDN611	115000	137000	151000	187000	267000	259000	242000	255000	255000	279000	304000	317000
MEDN615	1750000	1640000	1790000	1830000	7280000	6950000	6310000	6960000	3660000	2950000	2230000	2900000
MEDN616	48000	41500	47400	46900	39400	39800	40600	31100	43000	45100	47200	36400
MEDN617	36700	36900	27500	18300	16600	21300	30700	22500	31900	25500	19000	21500
MEDN622	81600	72500	106000	130000	99500	97100	92200	117000	51000	78800	107000	54700
MEDN644	189000	303000	272000	355000	961000	982000	1020000	864000	499000	462000	425000	334000
MEDN651	917000	660000	747000	576000	632000	540000	357000	596000	965000	972000	978000	582000
MEDN654	15000	14700	15100	15200	9870	10400	11500	10300	10800	10700	10500	9540
MEDN657	189000	376000	278000	367000	956000	1020000	1160000	959000	436000	427000	419000	367000
MEDN658	82000	74200	79400	76800	89900	87100	81600	88000	92000	96800	102000	101000
MEDN659	362000	497000	403000	444000	492000	462000	401000	430000	393000	392000	392000	283000
MEDN661	17500	18800	17100	16800	15700	15300	14400	17600	21400	17700	14000	13300
MEDN662	91100	101000	106000	122000	526000	503000	458000	495000	308000	286000	264000	241000
MEDN667	4040000	3860000	4060000	4080000	5510000	7020000	10100000	6610000	4980000	3780000	2580000	2800000
MEDN668	1330000	1470000	1380000	1420000	1710000	2740000	4790000	2170000	2900000	2150000	1390000	1350000
MEDN673	80100	97800	85800	91500	107000	106000	105000	102000	94000	99800	106000	94000
MEDN675	29500	36500	31700	33900	38700	38000	36500	36800	39100	38300	37500	41300
MEDN678	148000	179000	232000	316000	213000	201000	177000	227000	130000	176000	222000	113000
MEDN681	124000000	129000000	125000000	126000000	106000000	108000000	113000000	108000000	108000000	111000000	115000000	115000000
MEDN682	20300	18500	20000	19700	19600	19200	18300	19000	19000	18900	18800	20800
MEDN686	326000	313000	313000	300000	390000	353000	279000	117000	537000	427000	316000	293000
MEDN689	985000	954000	863000	741000	956000	1020000	1150000	1000000	915000	859000	803000	646000
MEDN693	93900	84300	95400	96900	124000	123000	120000	124000	107000	101000	95100	76300
MEDN694	417000	421000	395000	373000	342000	346000	354000	360000	377000	377000	377000	406000
MEDN720	9	9	2460	4910	8500	8160	7480	7300	22000	26400	30800	23700
MEDN724	952000	1700000	1420000	1890000	2420000	2150000	1610000	2230000	1180000	1840000	2500000	1410000
MEDN725	105000	105000	122000	139000	158000	154000	147000	154000	135000	139000	144000	128000
MEDN726	981000	921000	867000	752000	858000	949000	1130000	961000	884000	874000	864000	692000
MEDN727	436000	465000	471000	505000	499000	490000	471000	501000	529000	499000	470000	466000
MEDN728	25300	23600	25200	25100	23000	23000	23100	23800	22600	23700	24800	21500
MEDN730	128000	133000	145000	163000	209000	182000	128000	64600	220000	194000	168000	151000
MEDN731	1980000	2050000	2040000	2100000	2180000	2160000	2130000	2200000	1990000	2100000	2220000	2260000
MEDN732	69200	73300	71200	73300	84400	83900	82900	85100	83600	86400	89300	91500
MEDN733	652000	681000	664000	675000	748000	747000	745000	760000	659000	727000	796000	842000
MEDN734	128000000	137000000	130000000	131000000	109000000	111000000	116000000	110000000	112000000	114000000	116000000	115000000
MEDN736	181000	282000	203000	224000	179000	206000	259000	247000	207000	258000	310000	154000
MEDN738	1020000	911000	912000	803000	975000	1010000	1070000	983000	821000	798000	774000	735000
MEDN743	127000000	135000000	127000000	128000000	108000000	111000000	117000000	109000000	111000000	112000000	113000000	114000000
MEDN744	1230000	1140000	1090000	948000	863000	915000	1020000	851000	874000	832000	791000	1060000
MEDN745	20300	20500	21700	23100	20000	19700	19000	20800	23500	21600	19700	17400
MEDN747	195000	196000	199000	203000	212000	207000	197000	210000	193000	204000	215000	223000
MEDN748	104000	100000	107000	110000	108000	109000	113000	103000	121000	111000	101000	94500
MEDN751	9	9	9	9	41800	42700	44400	49300	42900	33900	24900	24200
MEDN752	4380	6520	5320	6260	17400	18000	19300	18500	13800	12400	11000	16200
MEDN756	14700	20800	16300	18000	46100	45400	44000	46100	37600	33800	30100	37300
MEDN758	9	9	9	9	9220	10500	13000	11200	8840	8050	7270	6380
MEDN759	9	9	9	9	10300	11900	15200	13000	11200	8910	6660	5850
MEDN760	8000	11700	9920	11800	111000	127000	159000	138000	114000	88700	63200	75400
MEDN763	5440	9620	6940	8440	20800	21600	23300	24100	24500	21900	19300	23800
MEDN764	706000	1090000	833000	960000	2090000	2180000	2340000	2360000	2450000	2360000	2270000	2600000
MEDN765	687000	1080000	809000	930000	2040000	2140000	2340000	2290000	2410000	2360000	2300000	2540000
MEDN768	29400	27300	31100	32900	18100	16500	13400	18700	25100	23000	21000	21700
MEDN771	14200	12600	15000	15700	11300	11500	11900	12400	33400	28500	23700	24500
MEDN776	9	9	1760	3500	8380	8630	9110	9860	8730	7800	6880	9030
MEDN779	3970	5980	4840	5720	39700	47400	63000	50700	42800	33600	24400	34700
MEDN781	853000	1340000	1020000	1180000	1850000	1750000	1540000	1920000	1160000	1150000	1130000	1240000
MEDN783	6470	4620	7360	8260	5100	6040	7910	5000	9730	8550	7370	8940
MEDN784	11900	9190	11500	11100	5550	4960	3760	5660	7940	9170	10400	7940
MEDN789	5380	9000	6410	7450	22800	22500	21700	23300	19400	18000	16600	20300
MEDN791	127000	166000	141000	155000	349000	349000	351000	336000	258000	259000	261000	297000
MEDN792	454000	590000	496000	537000	1290000	1280000	1270000	1330000	1050000	999000	947000	1110000
MEDN793	803000	1250000	985000	1170000	3830000	3730000	3530000	3900000	2870000	2710000	2550000	2950000
MEDN794	5890	6940	6170	6450	7750	7600	7310	7550	6450	6700	6960	4780
MEDN795	15200	24900	16200	17100	33400	31800	28400	32400	27500	26500	25500	28900
MEDN797	55300	86900	70600	85800	267000	257000	237000	275000	207000	190000	174000	212000
MEDN808	2380000	2240000	2400000	2420000	6380000	6330000	6240000	6490000	4970000	3930000	2900000	3620000
MEDN813	19000	28600	18900	18900	26100	23600	18600	28200	38000	34400	30800	31200
MEDN818	109000	146000	119000	130000	288000	290000	295000	244000	172000	148000	123000	126000
MEDN821	2320000	2580000	2340000	2370000	6080000	6070000	6060000	6270000	4790000	3840000	2890000	3560000
MEDN823	100000	73900	97900	95900	138000	147000	164000	121000	9	9	9	9
MEDN827	543000	1020000	620000	697000	1210000	1180000	1120000	1190000	1610000	1450000	1290000	1290000
MEDN835	9	4940	2700	5400	24500	22900	19800	24700	9	2250	4500	3610
MEDN841	7570	5660	9130	10700	16600	16500	16300	17400	18000	13800	9530	5050
MEDN843	56800	42600	52100	47400	77900	74000	66100	69200	83600	77900	72200	101000
MEDN844	298000	373000	300000	302000	189000	195000	208000	183000	304000	284000	263000	286000
MEDN846	9040	9140	8800	8560	10200	10600	11300	8920	14300	14100	13900	12600
MEDN854	278000	221000	221000	164000	211000	225000	253000	208000	173000	197000	222000	199000
MEDN859	54100	50900	50400	46700	42700	43900	46300	43500	42200	42700	43100	40300
MEDP006	108000	68500	101000	93200	135000	125000	104000	96900	182000	136000	89500	114000
MEDP009	30800000	39100000	35800000	40800000	69600000	67400000	62900000	64600000	70300000	72300000	74200000	69400000
MEDP010	4730000	5320000	5180000	5630000	8400000	8310000	8130000	8550000	13000000	11800000	10700000	10600000
MEDP011	8610000	11600000	9950000	11300000	18100000	17800000	17200000	17700000	22900000	24100000	25400000	22300000
MEDP013	1500000	1060000	1360000	1210000	2460000	2250000	1820000	2190000	2680000	1930000	1190000	1720000
MEDP014	1930000	1460000	1900000	1870000	2290000	2310000	2360000	1870000	3460000	2400000	1340000	1990000
MEDP015	93500	86900	99900	106000	107000	111000	120000	74300	182000	150000	118000	139000
MEDP017	459000	610000	456000	454000	477000	689000	1110000	419000	997000	943000	889000	1070000
MEDP018	69600000	87000000	79700000	89800000	128000000	125000000	119000000	130000000	106000000	109000000	112000000	120000000
MEDP019	67000000	80400000	74900000	82800000	121000000	118000000	111000000	124000000	106000000	103000000	101000000	119000000
MEDP020	4670000	6720000	5680000	6690000	10900000	10400000	9400000	9770000	8640000	8940000	9250000	8880000
MEDP023	651000	638000	695000	740000	1190000	1140000	1040000	1020000	2520000	2550000	2580000	2230000
MEDP025	15200000	18900000	17600000	20100000	33400000	31800000	28600000	31000000	26400000	27400000	28400000	25100000
MEDP026	50500000	61900000	57500000	64500000	77600000	77700000	77800000	71700000	112000000	108000000	103000000	84500000
MEDP028	67900	79100	72600	77200	86600	87100	88100	99800	118000	134000	149000	153000
MEDP031	1220000	1230000	1230000	1240000	1300000	1290000	1280000	1280000	1240000	1230000	1210000	1290000
MEDP032	924000	1140000	784000	644000	760000	737000	691000	693000	809000	616000	422000	424000
MEDP035	46900	74000	59700	72600	116000	115000	115000	103000	80400	88700	97000	116000
MEDP036	706000	641000	778000	850000	1170000	1150000	1100000	1010000	3000000	2740000	2470000	2650000
MEDP038	740000	722000	736000	732000	817000	829000	855000	791000	849000	828000	807000	837000
MEDP039	5280000	5060000	5170000	5060000	4910000	4940000	5010000	4910000	5080000	5160000	5250000	4990000
MEDP044	5230000	6230000	6080000	6920000	13700000	12800000	11200000	13600000	7800000	7710000	7620000	7860000
MEDP047	941000	901000	974000	1010000	816000	924000	1140000	682000	1350000	1160000	961000	939000
MEDP055	37200	47800	35200	33200	47200	42800	34100	32800	49000	54200	59400	44600
MEDP056	342000	251000	310000	279000	111000	123000	148000	82300	681000	602000	524000	469000
MEDP059	1320000	1920000	1480000	1640000	2360000	2380000	2440000	2450000	3710000	3560000	3420000	3210000
MEDP060	32300	25100	40600	48800	82700	88100	98900	72900	52800	49600	46400	35900
MEDP061	3820000	4020000	3900000	3980000	4860000	5030000	5370000	4970000	6200000	5510000	4820000	5640000
MEDP067	154000	127000	121000	87900	132000	124000	108000	123000	56900	42100	27400	68500
MEDP069	34300	29400	28600	22800	32700	32400	32000	34500	31600	35500	39300	30200
MEDP075	376000	480000	386000	396000	409000	411000	415000	414000	404000	410000	416000	485000
MEDP078	40100	36200	43600	47100	36500	31100	20300	33800	9620	9450	9280	7060
MEDP080	53800	42000	53100	52300	166000	147000	110000	111000	149000	124000	99200	99300
MEDP082	273000	322000	277000	280000	322000	327000	338000	328000	301000	279000	258000	330000
MEDP084	824000	765000	777000	729000	794000	791000	784000	797000	816000	813000	810000	745000
MEDP086	11100000	10900000	11000000	11000000	10600000	10600000	10500000	10700000	10800000	10800000	10900000	10700000
MEDP087	114000	141000	142000	170000	214000	193000	150000	179000	799000	863000	926000	766000
MEDP089	625000	774000	728000	831000	1890000	1890000	1880000	1830000	1210000	1030000	851000	930000
MEDP101	1180000	1550000	1320000	1470000	2810000	2750000	2630000	2630000	2890000	3010000	3130000	2950000
MEDP102	9	9	9	9	69400	65000	56300	64300	46300	48500	50600	58100
MEDP108	116000	96500	106000	97200	111000	112000	113000	121000	129000	120000	111000	111000
MEDP109	12400	9140	12200	12000	9820	9510	8880	10300	9200	11000	12700	11500
MEDP113	110000	90600	92000	73600	90400	91600	93800	86100	65700	72100	78600	77500
MEDP114	2350000	3020000	2730000	3110000	5380000	5050000	4380000	5050000	4430000	4730000	5040000	4350000
MEDP115	11000000	12000000	11300000	11700000	43700000	39600000	31400000	44500000	21800000	17400000	13100000	15100000
MEDP116	98900	141000	123000	146000	264000	265000	266000	255000	283000	289000	294000	321000
MEDP123	29200	40400	31400	33600	31200	33100	36700	31900	16400	19600	22700	28700
MEDP125	907000	923000	935000	964000	1120000	1170000	1280000	1180000	1340000	1240000	1140000	1270000
MEDP127	14400000	13300000	14000000	13600000	11600000	11800000	12100000	11600000	11300000	11700000	12100000	11900000
MEDP128	103000	82000	85100	67300	111000	103000	87700	89700	181000	128000	73800	90100
MEDP129	122000	109000	128000	134000	240000	223000	188000	240000	180000	180000	181000	185000
MEDP130	205000	138000	156000	108000	147000	139000	123000	163000	99900	115000	131000	116000
MEDP134	180000	154000	134000	87600	132000	141000	159000	105000	199000	200000	202000	175000
MEDP140	123000	181000	148000	173000	1980000	1800000	1440000	1890000	263000	228000	193000	179000
MEDP147	75100	99500	116000	158000	137000	118000	81300	104000	212000	232000	252000	194000
MEDP149	49400	72300	63700	77900	410000	362000	266000	317000	133000	122000	111000	155000
MEDP151	624000	503000	677000	730000	603000	543000	425000	515000	203000	166000	130000	196000
MEDP152	1800000	6050000	6920000	12000000	9250000	12300000	18400000	4600000	2420000	2600000	2790000	3260000
MEDP154	243000	236000	237000	231000	324000	322000	317000	295000	396000	391000	385000	355000
MEDP159	323000	408000	395000	467000	890000	898000	913000	910000	896000	942000	987000	943000
MEDP160	2200000	3100000	2730000	3270000	9230000	8330000	6530000	8330000	7350000	6200000	5060000	6250000
MEDP161	31500	35900	29800	28200	206000	170000	98700	149000	60600	40400	20200	49800
MEDP163	3680000	3230000	3210000	2740000	2880000	3120000	3590000	2150000	5360000	4260000	3160000	3030000
MEDP165	2100000	2420000	2360000	2630000	4320000	4460000	4750000	3940000	4610000	4130000	3660000	4030000
MEDP170	24100000	33600000	28400000	32600000	67500000	64700000	59100000	65200000	44500000	40200000	35900000	35900000
MEDP174	133000	179000	144000	156000	359000	336000	288000	342000	272000	283000	295000	291000
MEDP176	25000	18500	25900	26900	44700	54000	72500	50300	61100	38400	15700	17100
MEDP178	3340000	4330000	3790000	4230000	12800000	11900000	9930000	12200000	1940000	1520000	1090000	1130000
MEDP179	4180000	4110000	4380000	4570000	15900000	14800000	12600000	14900000	2940000	2080000	1220000	1450000
MEDP180	457000	642000	427000	396000	560000	818000	1330000	498000	2030000	1470000	904000	1580000
MEDP185	362000	298000	331000	300000	622000	648000	700000	486000	534000	395000	255000	325000
MEDP188	153000	130000	149000	144000	185000	180000	169000	197000	760000	865000	971000	707000
MEDP205	258000	170000	241000	224000	345000	326000	287000	295000	195000	155000	115000	199000
MEDP218	65300	52800	65300	65200	55500	56500	58500	51300	50400	53100	55700	64400
MEDP219	45600	70500	57500	69400	63500	67100	74100	60200	61000	59800	58600	55800
MEDP222	143000	141000	143000	143000	133000	132000	130000	131000	113000	118000	122000	124000
MEDP223	1880000	1370000	1670000	1450000	1360000	1280000	1130000	1530000	1180000	1280000	1380000	1450000
MEDP225	2370000	1820000	2070000	1780000	2150000	2250000	2460000	1900000	2380000	2280000	2180000	2490000
MEDP226	2530000	2170000	2360000	2180000	2510000	2560000	2660000	2180000	2850000	2610000	2370000	2640000
MEDP229	17000	20100	17700	18400	69500	74100	83200	64900	142000	210000	278000	245000
MEDP230	31100	27300	32500	33900	76700	73500	67100	87500	39400	40700	42100	33800
MEDP232	37200	19700	28000	18900	21700	23300	26600	24300	26500	17700	8890	18700
MEDP234	101000	111000	97400	93600	51300	53700	58500	38600	49800	55200	60600	63300
MEDP239	111000	106000	99800	89200	73500	78800	89200	92300	80200	79900	79500	84400
MEDP240	1040000	1140000	1190000	1340000	2010000	1870000	1590000	1700000	6880000	8580000	10300000	8300000
MEDP242	16800000	21100000	19200000	21700000	45500000	45700000	46000000	48900000	28800000	27400000	26000000	20000000
MEDP244	911000	1140000	977000	1040000	580000	535000	447000	541000	488000	436000	385000	400000
MEDP246	91100	128000	123000	156000	246000	242000	236000	251000	263000	276000	289000	239000
MEDP249	47400	36500	48600	49900	46600	48600	52500	52300	47100	44100	41000	45800
MEDP250	634000	834000	730000	826000	1400000	1460000	1560000	1370000	2580000	2660000	2740000	2750000
MEDP251	256000	315000	306000	355000	753000	726000	672000	746000	799000	680000	560000	483000
MEDP275	20800	35100	26500	32200	86400	80800	69500	87700	68400	91900	115000	109000
MEDP276	82900	82800	82200	81500	120000	121000	123000	136000	126000	116000	105000	125000
MEDP284	51000	59700	53700	56300	53500	52800	51500	54300	52000	54300	56500	54400
MEDP285	11300	23400	10700	10100	14300	14900	16100	10700	34100	27900	21600	27500
MEDP296	384000	359000	379000	374000	632000	565000	430000	572000	415000	382000	350000	307000
MEDP298	6350000	9190000	7700000	9050000	14700000	14000000	12500000	13800000	17000000	19100000	21200000	17600000
MEDP299	652000	748000	662000	673000	697000	674000	626000	725000	612000	675000	738000	773000
MEDP300	264000	188000	196000	128000	525000	508000	475000	471000	836000	657000	479000	517000
MEDP305	210000	132000	193000	175000	109000	107000	102000	112000	226000	209000	192000	171000
MEDP306	4200000	4870000	4580000	4950000	5850000	6000000	6300000	6150000	6750000	6440000	6120000	6460000
MEDP310	518000	645000	556000	593000	956000	978000	1020000	936000	1180000	1270000	1350000	1250000
MEDP315	25600	36000	32000	38400	45400	43700	40300	40300	340000	438000	537000	383000
MEDP316	3210000	3680000	3560000	3910000	7140000	6920000	6480000	6990000	7360000	7790000	8220000	7640000
MEDP319	30400	22500	28600	26700	47200	44600	39200	46400	37700	39600	41600	45400
MEDP320	3850000	4350000	4260000	4660000	5570000	5700000	5970000	5800000	6360000	6120000	5880000	6200000
MEDP321	12800000	14900000	10500000	8070000	9160000	8800000	8090000	9940000	7550000	8200000	8840000	8410000
MEDP322	1810000	1440000	1590000	1370000	2520000	2520000	2520000	2470000	3550000	2730000	1900000	2600000
MEDP325	2520000	2050000	2340000	2170000	2540000	2440000	2240000	2530000	2690000	2000000	1310000	1870000
MEDP331	17000	25500	20400	23700	25300	25500	25800	22800	33700	29600	25500	26600
MEDP333	213000	261000	222000	232000	1220000	1270000	1360000	1270000	1260000	1120000	980000	1090000
MEDP336	1200000	1570000	1320000	1450000	2510000	2370000	2070000	2400000	2020000	1810000	1610000	1720000
MEDP338	15900000	15100000	16500000	17200000	10400000	10600000	11000000	10700000	11000000	9990000	9000000	10600000
MEDP340	2110000	2250000	2190000	2270000	4660000	4430000	3960000	4200000	12300000	10600000	9020000	12000000
MEDP342	39000000	45300000	43200000	47300000	81000000	79700000	77200000	78400000	71200000	64000000	56700000	56200000
MEDP344	23300000	24100000	25100000	26900000	30400000	28900000	25900000	28300000	21100000	18200000	15300000	19400000
MEDP346	1650000	1590000	1780000	1910000	4520000	4370000	4070000	4350000	3440000	3010000	2580000	3230000
MEDP350	608000	630000	659000	709000	521000	546000	597000	533000	276000	233000	190000	242000
MEDP352	275000	288000	301000	328000	603000	626000	673000	643000	341000	287000	232000	323000
MEDP357	216000	295000	351000	487000	183000	174000	155000	156000	97800	161000	225000	133000
MEDP358	10900000	11900000	12100000	13200000	21100000	20700000	20000000	20000000	47500000	49400000	51400000	42600000
MEDP361	1740000	2260000	2060000	2380000	4290000	4160000	3900000	4090000	4490000	4570000	4650000	4330000
MEDP368	1080000	994000	1050000	1020000	823000	823000	824000	782000	916000	810000	705000	791000
MEDP370	16400000	20400000	19400000	22500000	37600000	34900000	29400000	34800000	30700000	32600000	34600000	31500000
MEDP372	4320000	5700000	4870000	5420000	9210000	10600000	13400000	8970000	13200000	11800000	10400000	12500000
MEDP373	15500000	15200000	15300000	15100000	13900000	14200000	14800000	14000000	15100000	15300000	15500000	15000000
MEDP375	56400	81700	70200	84000	66200	75900	95300	66000	92300	93500	94700	61400
MEDP378	100000	109000	102000	104000	186000	178000	161000	161000	205000	200000	195000	164000
MEDP380	77000	66900	72100	67200	69800	69200	68000	79100	96600	102000	107000	89900
MEDP381	37300000	45700000	43500000	49700000	83000000	78800000	70300000	78800000	68300000	73100000	77900000	72200000
MEDP387	24600	40200	22000	19400	61000	50200	28500	66700	87500	77300	67200	60900
MEDP389	85100000	90500000	76600000	68100000	65500000	64200000	61500000	62100000	65800000	63500000	61200000	62600000
MEDP395	150000	207000	176000	201000	243000	240000	233000	257000	868000	919000	969000	883000
MEDP402	980000	805000	1060000	1130000	780000	735000	646000	639000	305000	260000	216000	208000
MEDP403	9	186000	98100	196000	220000	242000	288000	196000	265000	291000	317000	265000
MEDP404	102000	98000	93400	84500	79300	77900	75000	85100	56100	75700	95300	77500
MEDP405	221000	247000	238000	255000	350000	322000	265000	371000	310000	284000	258000	366000
MEDP409	66700	75200	89600	112000	193000	161000	97400	179000	74600	72000	69300	43000
MEDP410	409000	290000	365000	321000	230000	232000	236000	250000	196000	198000	201000	230000
MEDP416	61700000	63800000	68600000	75500000	74900000	71800000	65800000	75500000	70500000	68900000	67200000	59000000
MEDP423	86300000	86700000	77200000	68100000	83100000	84100000	86000000	93500000	67000000	73600000	80100000	79900000
MEDP428	19300000	20200000	20200000	21200000	23100000	22600000	21400000	23800000	21000000	21000000	20900000	21100000
MEDP429	1320000	1320000	1310000	1300000	1700000	1800000	2000000	1910000	1590000	1560000	1530000	1600000
MEDP430	162000	116000	138000	114000	143000	151000	167000	145000	143000	110000	76700	122000
MEDP431	113000	127000	118000	123000	203000	205000	209000	200000	195000	195000	195000	191000
MEDP434	1010000	1160000	1150000	1280000	4180000	4000000	3650000	4070000	6040000	5070000	4090000	4050000
MEDP435	11000000	13400000	12600000	14300000	24900000	23300000	20200000	23600000	20100000	21500000	22800000	20900000
MEDP437	35800	33300	36300	36800	35600	38900	45400	35200	53600	36600	19600	40400
MEDP440	878000	990000	998000	1120000	1700000	1610000	1450000	1610000	1340000	1390000	1450000	1330000
MEDP442	1210000	835000	955000	701000	740000	735000	725000	820000	1090000	829000	569000	819000
MEDP443	248000	318000	278000	308000	1370000	1560000	1940000	1760000	1340000	976000	615000	863000
MEDP453	638000	794000	764000	891000	1390000	1330000	1220000	1310000	1110000	1170000	1220000	1090000
MEDP456	954000	1430000	1160000	1380000	2450000	2310000	2020000	2250000	2650000	3050000	3460000	2780000
MEDP457	173000	205000	193000	213000	330000	322000	306000	343000	450000	495000	540000	460000
MEDP461	97200	155000	143000	189000	180000	138000	52300	132000	106000	115000	123000	83200
MEDP494	623000	555000	611000	599000	1230000	1210000	1180000	1260000	1570000	1310000	1050000	1260000
MEDP498	10800000	10000000	10700000	10600000	14600000	13800000	12100000	14100000	15200000	13800000	12400000	12900000
MEDP507	7560000	9830000	8830000	10100000	17300000	16900000	16200000	17000000	18000000	19300000	20500000	18600000
MEDP508	23900000	21000000	23400000	22900000	23300000	22500000	20900000	23100000	25800000	26500000	27300000	24000000
MEDP509	3720000	3560000	3790000	3870000	4810000	4620000	4240000	4520000	3970000	4040000	4110000	3730000
MEDP510	778000	841000	790000	803000	1470000	1420000	1310000	1460000	822000	848000	874000	691000
MEDP511	237000	204000	232000	226000	265000	266000	270000	268000	266000	293000	320000	272000
MEDP513	2710000	2890000	2580000	2450000	1460000	1380000	1210000	1120000	1170000	1700000	2240000	2000000
MEDP514	153000	180000	200000	247000	834000	774000	656000	834000	1100000	1280000	1450000	940000
MEDP518	369000	449000	432000	494000	937000	908000	850000	830000	508000	468000	428000	451000
MEDP519	917000	939000	1120000	1320000	1920000	1830000	1650000	1770000	1480000	1570000	1650000	1370000
MEDP523	964000	698000	758000	553000	1000000	967000	894000	909000	858000	626000	395000	412000
MEDP525	3440000	2280000	2950000	2460000	10100000	9150000	7190000	8840000	9040000	6060000	3070000	4500000
MEDP531	38600	34500	36500	34400	35400	34800	33700	38600	30400	31900	33400	26600
MEDP535	691000	707000	650000	609000	541000	544000	550000	567000	623000	584000	545000	527000
MEDP537	42500000	51100000	47300000	52100000	88100000	87200000	85200000	85300000	76800000	69500000	62300000	61100000
MEDP545	918000	1010000	945000	972000	2220000	1880000	1200000	1970000	1880000	1740000	1600000	1670000
MEDP555	7540	10300	9020	10500	24500	22800	19400	27800	14300	14900	15500	18900
MEDP561	78400	74300	76200	74000	70600	73100	78100	67100	79400	73500	67500	84200
MEDP566	7410	10500	8070	8740	28100	25500	20200	28500	15600	15500	15400	14700
MEDP574	6840000	6900000	6530000	6220000	4280000	4050000	3590000	3310000	3600000	5150000	6700000	5300000
MEDP577	455000	516000	537000	620000	902000	841000	718000	838000	647000	634000	620000	554000
MEDP578	351000	417000	319000	287000	375000	401000	452000	402000	410000	394000	378000	350000
MEDP579	98500	123000	109000	119000	218000	203000	174000	210000	158000	167000	176000	150000
MEDP583	247000	335000	311000	374000	527000	511000	478000	501000	887000	1110000	1340000	916000
MEDP584	29800	11100	28700	27500	63600	59600	51800	66600	54900	55600	56300	54900
MEDP585	74400	79200	64800	55200	69000	65300	58000	75800	62200	59100	55900	72100
MEDP586	63300	64100	71800	80300	331000	308000	263000	301000	289000	302000	315000	234000
MEDP587	137000	167000	185000	232000	394000	381000	354000	361000	457000	406000	356000	337000
MEDP590	12700000	17400000	12500000	12300000	18700000	17200000	14300000	20200000	15700000	15700000	15600000	20000000
MEDP603	1240000	1670000	1440000	1640000	3110000	2900000	2480000	2720000	2440000	2600000	2760000	2450000
MEDP606	9890000	12200000	11200000	12400000	22300000	20300000	16300000	21700000	23600000	24600000	25500000	23500000
MEDP611	42300	41900	33200	24100	41600	43500	47400	23700	58400	50900	43300	25800
MEDP614	38000000	44900000	39500000	41000000	52400000	54000000	57200000	48300000	83000000	81000000	79000000	70000000
MEDP618	61000	73600	82500	104000	182000	173000	154000	168000	95200	83100	70900	66000
MEDP627	7120000	8960000	8110000	9090000	24800000	24300000	23200000	24500000	14700000	13400000	12000000	12100000
MEDP631	308000	475000	401000	494000	958000	947000	926000	1030000	433000	471000	510000	616000
MEDP632	495000	353000	447000	399000	396000	400000	410000	396000	408000	397000	386000	316000
MEDP636	138000	155000	149000	161000	272000	258000	232000	256000	256000	257000	258000	233000
MEDP637	49800	53400	57900	66000	88900	84000	74300	80000	62700	81300	99900	90600
MEDP638	8990	13400	10700	12400	18400	20900	26000	19300	94800	81100	67500	93200
MEDP651	189000	154000	162000	134000	146000	137000	119000	145000	171000	167000	164000	164000
MEDP653	22100	23300	21200	20200	13100	13700	15000	11600	11100	13200	15200	10400
MEDP656	8390000	9590000	7300000	6200000	6400000	6130000	5590000	6920000	5440000	5510000	5570000	5650000
MEDP657	8920000	9380000	7660000	6400000	5190000	5370000	5730000	4030000	5410000	5010000	4600000	5730000
MEDP658	655000	634000	639000	623000	639000	668000	727000	639000	682000	645000	608000	672000
MEDP659	466000	365000	423000	379000	275000	286000	309000	267000	277000	258000	238000	266000
MEDP662	816000	867000	867000	918000	862000	857000	849000	901000	911000	898000	884000	899000
MEDP668	697000	629000	643000	589000	747000	685000	562000	870000	514000	764000	1010000	1120000
MEDP669	21700	27600	21900	22200	20900	23400	28400	19000	15000	15200	15400	19000
MEDP671	3710000	3180000	3470000	3230000	3130000	3170000	3230000	3260000	2890000	3000000	3120000	3200000
MEDP673	16300000	16500000	15500000	14700000	14000000	13500000	12600000	14500000	14500000	14300000	14200000	13200000
MEDP674	613000	599000	583000	553000	390000	398000	414000	348000	303000	396000	489000	425000
MEDP675	565000	472000	560000	555000	440000	491000	594000	494000	399000	383000	368000	401000
MEDP676	1520000	1330000	1220000	927000	945000	894000	790000	1080000	753000	853000	954000	997000
MEDP677	265000	192000	208000	150000	184000	184000	183000	181000	263000	216000	168000	200000
MEDP681	27700000	29800000	25800000	23900000	18500000	19400000	21100000	19000000	18300000	18600000	18900000	18400000
MEDP685	2540000	3180000	3030000	3520000	5770000	5710000	5580000	5590000	6060000	6370000	6680000	6700000
MEDP686	36000000	33100000	32400000	28800000	24400000	24300000	24200000	24400000	24100000	24000000	23900000	23900000
MEDP688	19600	21300	19600	19600	32000	31200	29400	35400	20700	17900	15000	18500
MEDP692	6240000	4560000	6050000	5860000	3840000	4140000	4750000	3930000	5980000	5620000	5250000	3410000
MEDP695	164000	190000	184000	204000	179000	175000	168000	170000	137000	156000	174000	169000
MEDP697	212000	189000	193000	175000	221000	237000	270000	241000	194000	195000	196000	248000
MEDP700	1560000	1220000	1380000	1210000	1360000	1270000	1090000	1200000	1770000	1410000	1060000	1200000
MEDP707	288000	292000	294000	300000	311000	307000	297000	290000	259000	257000	254000	243000
MEDP709	551000	550000	543000	534000	540000	533000	518000	488000	490000	489000	488000	449000
MEDP710	426000	510000	460000	495000	548000	527000	485000	505000	493000	497000	501000	500000
MEDP716	120000	118000	104000	86700	83700	82900	81100	82000	79500	79100	78800	62000
MEDP719	210000	254000	217000	225000	212000	199000	174000	242000	265000	241000	217000	195000
MEDP724	229000	221000	220000	210000	213000	213000	212000	216000	209000	229000	248000	224000
MEDP726	4260000	4330000	4400000	4540000	3860000	3690000	3360000	4130000	3630000	4090000	4540000	3820000
MEDP732	4170000	4060000	4140000	4110000	3610000	3610000	3600000	3630000	3740000	3620000	3490000	3660000
MEDP736	213000	213000	181000	149000	182000	179000	173000	188000	186000	165000	144000	152000
MEDP739	22600	24300	23500	24300	25700	24400	21900	25500	20200	20600	20900	21700
MEDP747	253000	234000	235000	218000	173000	174000	175000	175000	168000	164000	159000	157000
MEDP751	315000	433000	306000	298000	384000	367000	332000	381000	348000	358000	369000	310000
MEDP752	64700000	82500000	72500000	80300000	129000000	125000000	116000000	130000000	108000000	115000000	121000000	115000000
MEDP766	77500	86500	79900	82300	99700	91200	74200	102000	76500	91200	106000	66300
MEDP772	97700	73300	98300	99000	134000	131000	125000	106000	104000	100000	97000	110000
MEDP778	427000	330000	461000	494000	343000	355000	380000	410000	345000	324000	303000	335000
MEDP779	427000	432000	457000	487000	456000	421000	351000	524000	336000	314000	292000	275000
MEDP782	2140000	2640000	1980000	1830000	1860000	1860000	1850000	1740000	1480000	1650000	1830000	1650000
MEDP783	96100	134000	145000	193000	322000	320000	315000	291000	171000	177000	184000	185000
MEDP789	670000	669000	658000	646000	602000	593000	575000	603000	617000	593000	570000	549000
MEDP792	373000	431000	400000	428000	591000	610000	648000	541000	890000	894000	898000	756000
MEDP794	373000	314000	365000	357000	557000	530000	476000	556000	676000	651000	625000	639000
MEDP796	778000	753000	738000	697000	659000	659000	658000	621000	705000	682000	659000	621000
MEDP799	8100000	7620000	7840000	7580000	7710000	7540000	7200000	7650000	7640000	7280000	6910000	7710000
MEDP800	20900000	21300000	19800000	18700000	18600000	18200000	17500000	19000000	18800000	18500000	18100000	18200000
MEDP811	43500	74000	42800	42100	39800	38300	35400	44300	50900	53900	56900	48000
MEDP812	734000	600000	640000	547000	712000	688000	639000	694000	574000	605000	636000	603000
MEDP814	425000	455000	403000	381000	471000	437000	368000	330000	271000	273000	274000	274000
MEDP817	529000	488000	460000	390000	392000	397000	408000	430000	259000	268000	276000	242000
MEDP818	290000	285000	274000	258000	237000	254000	288000	232000	275000	266000	257000	252000
MEDP820	645000	649000	666000	687000	847000	836000	815000	805000	752000	761000	770000	866000
MEDP821	8230000	8750000	9570000	10900000	18800000	18500000	17900000	17300000	8460000	7250000	6050000	5210000
MEDP831	263000	253000	251000	238000	227000	221000	208000	214000	335000	252000	169000	203000
MEDP835	83400000	93300000	82900000	82500000	72900000	73300000	74100000	73700000	73100000	70700000	68200000	70800000
MEDP836	58900000	66200000	58500000	58100000	48400000	47300000	45100000	50700000	38900000	40900000	42900000	44400000
MEDP839	198000	160000	176000	153000	142000	130000	107000	162000	134000	128000	122000	136000
MEDP844	2950000	2860000	2810000	2670000	2540000	2480000	2360000	2630000	2450000	2490000	2530000	2500000
MEDP845	1210000	1360000	1480000	1750000	3940000	4000000	4130000	4100000	1920000	1910000	1890000	2250000
MEDP849	64200	64400	74900	85600	300000	284000	251000	336000	461000	384000	307000	233000
MEDP853	45000000	53900000	47100000	49100000	67500000	66300000	63800000	67600000	78500000	77200000	75800000	67700000
MEDP856	320000	329000	324000	328000	302000	302000	302000	279000	292000	282000	273000	278000
MEDP859	5680000	5830000	6010000	6350000	4140000	4250000	4490000	3960000	5790000	6190000	6580000	5420000
MEDP860	9340000	6990000	8660000	7970000	9130000	10000000	11800000	8800000	16100000	12100000	8080000	11900000
MEDP863	6760000	6640000	6640000	6530000	6290000	6270000	6230000	6270000	6580000	6650000	6720000	6680000
MEDP865	679000	785000	712000	745000	679000	680000	683000	660000	723000	710000	696000	642000
MEDP868	431000	439000	411000	392000	534000	511000	464000	525000	644000	669000	694000	522000
MEDP871	1360000	1400000	1270000	1180000	798000	830000	894000	841000	623000	636000	650000	688000
MEDP872	3760000	2550000	2870000	1980000	2620000	2580000	2490000	2730000	3680000	2510000	1350000	2880000
MEDP877	46100	46500	35400	24800	88400	94100	105000	74900	11400	13000	14600	9
MEDP878	65400	42500	71400	77500	87800	99100	122000	71600	88100	67500	47000	57100
MEDP879	73200	80600	72600	72000	53800	53600	53400	57000	92500	60900	29300	46500
MEDP881	47700	48100	66400	85000	55400	64900	83800	68500	51200	40800	30400	18800
MEDP882	86400	94100	87000	87600	295000	266000	207000	235000	343000	306000	269000	248000
MEDP883	22500	30300	30000	37600	58000	55800	51500	58300	62300	59600	57000	56800
MEDP888	1000000	4680000	1000000	1010000	946000	913000	846000	889000	911000	897000	883000	836000
MEDP900	2390000	2370000	2280000	2170000	1520000	1430000	1260000	1180000	1280000	1820000	2360000	1870000
MEDP904	2860000	2830000	2700000	2530000	1780000	1680000	1490000	1390000	1470000	2110000	2740000	2150000
